PhiL	ThetaL	PhiP	ThetaP	PhiPi	ThetaPi
0.000   0.433	1.556   0.414   1.633   0.508
0.000   6.208	4.704   3.050   1.538   -0.015
0.000   5.979	4.729   2.821   1.641   -0.236
0.000   5.737	4.703   2.577   1.499   -0.401
0.000   0.340	1.594   0.335   1.448   0.368
0.000   0.715	1.562   0.731   1.645   0.579
0.000   6.209	4.718   3.060   1.641   0.027
0.000   0.786	1.561   0.766   1.608   0.862
0.000   1.074	1.554   1.075   1.628   1.070
0.000   0.519	1.551   0.510   1.709   0.582
0.000   6.054	4.732   2.901   1.658   -0.177
0.000   0.367	1.583   0.385   1.478   0.232
0.000   6.096	4.707   2.936   1.526   -0.039
0.000   5.852	4.726   2.693   1.654   -0.318
0.000   0.067	1.567   0.045   1.590   0.189
0.000   6.066	4.694   2.925   1.504   -0.219
0.000   5.901	4.691   2.768   1.479   -0.418
0.000   5.600	4.705   2.441   1.506   -0.527
0.000   0.489	1.580   0.496   1.541   0.469
0.000   0.228	1.585   0.226   1.419   0.255
0.000   6.053	4.735   2.904   1.700   -0.187
0.000   5.284	4.688   2.136   1.466   -0.971
0.000   5.183	4.691   2.028   1.451   -1.026
0.000   5.872	4.704   2.709   1.535   -0.318
0.000   0.614	1.552   0.628   1.655   0.549
0.000   5.472	4.716   2.352   1.588   -0.906
0.000   5.948	4.701   2.806   1.427   -0.328
0.000   6.109	4.710   2.961   1.562   -0.158
0.000   0.485	1.571   0.463   1.570   0.638
0.000   5.153	4.727   1.994   1.627   -1.065
0.000   0.464	1.591   0.455   1.493   0.496
0.000   6.056	4.732   2.914   1.731   -0.221
0.000   5.626	4.695   2.501   1.493   -0.732
0.000   6.077	4.716   2.912   1.594   -0.060
0.000   5.878	4.717   2.725   1.586   -0.367
0.000   5.575	4.724   2.413   1.619   -0.627
0.000   0.506	1.572   0.482   1.565   0.648
0.000   6.120	4.716   2.955   1.590   -0.051
0.000   1.103	1.563   1.090   1.598   1.145
0.000   0.857	1.587   0.877   1.490   0.758
0.000   0.754	1.569   0.751   1.577   0.763
0.000   6.234	4.715   3.069   1.585   0.068
0.000   5.990	4.715   2.864   1.581   -0.345
0.000   0.043	1.581   0.063   1.523   -0.050
0.000   5.312	4.715   2.170   1.578   -0.971
0.000   5.911	4.697   2.756   1.449   -0.266
0.000   0.392	1.562   0.390   1.597   0.398
0.000   0.156	1.581   0.163   1.451   0.067
0.000   0.135	1.587   0.118   1.500   0.211
0.000   6.229	4.733   3.073   1.688   0.029
0.000   0.418	1.577   0.406   1.551   0.456
0.000   0.478	1.573   0.502   1.558   0.348
0.000   0.086	1.587   0.079   1.422   0.148
0.000   0.983	1.569   0.965   1.578   1.044
0.000   0.326	1.555   0.308   1.656   0.422
0.000   0.732	1.594   0.738   1.432   0.694
0.000   0.298	1.578   0.317   1.514   0.142
0.000   0.358	1.563   0.370   1.658   0.233
0.000   5.642	4.734   2.502   1.724   -0.653
0.000   5.796	4.697   2.641   1.510   -0.433
0.000   5.984	4.726   2.833   1.703   -0.207
0.000   1.199	1.574   1.217   1.559   1.136
0.000   0.645	1.558   0.661   1.667   0.526
0.000   1.043	1.567   1.059   1.583   0.989
0.000   0.401	1.547   0.403   1.704   0.390
0.000   1.293	1.587   1.312   1.503   1.215
0.000   0.274	1.563   0.262   1.651   0.397
0.000   0.273	1.551   0.270   1.716   0.288
0.000   5.251	4.699   2.093   1.473   -0.909
0.000   6.154	4.688   3.014   1.450   -0.132
0.000   5.555	4.707   2.390   1.541   -0.607
0.000   0.313	1.592   0.300   1.476   0.370
0.000   5.688	4.725   2.532   1.679   -0.464
0.000   5.944	4.715   2.786   1.580   -0.288
0.000   6.095	4.690   2.962   1.471   -0.228
0.000   0.472	1.582   0.492   1.523   0.384
0.000   0.841	1.550   0.840   1.647   0.845
0.000   0.303	1.560   0.325   1.639   0.171
0.000   0.231	1.570   0.232   1.573   0.228
0.000   0.423	1.589   0.429   1.415   0.377
0.000   5.744	4.693   2.614   1.482   -0.589
0.000   5.815	4.689   2.677   1.457   -0.487
0.000   0.725	1.591   0.733   1.493   0.694
0.000   5.821	4.713   2.680   1.573   -0.462
0.000   0.215	1.582   0.234   1.524   0.137
0.000   5.507	4.730   2.350   1.658   -0.703
0.000   0.624	1.594   0.620   1.455   0.644
0.000   5.823	4.723   2.659   1.626   -0.341
0.000   5.732	4.722   2.579   1.601   -0.516
0.000   6.158	4.733   3.028   1.669   -0.177
0.000   0.691	1.566   0.713   1.592   0.592
0.000   5.706	4.691   2.563   1.488   -0.574
0.000   0.742	1.576   0.760   1.550   0.672
0.000   0.700	1.588   0.687   1.451   0.791
0.000   0.979	1.566   1.002   1.594   0.873
0.000   0.220	1.550   0.213   1.726   0.272
0.000   0.360	1.563   0.373   1.650   0.231
0.000   6.104	4.689   2.959   1.419   -0.160
0.000   0.271	1.573   0.279   1.565   0.246
0.000   0.107	1.552   0.091   1.673   0.195
0.000   5.881	4.710   2.738   1.563   -0.400
0.000   0.043	1.551   0.053   1.684   -0.016
0.000   0.024	1.568   0.019   1.578   0.037
0.000   0.304	1.581   0.324   1.512   0.183
0.000   0.001	1.587   0.000   1.515   0.004
0.000   6.048	4.732   2.914   1.712   -0.288
0.000   6.080	4.722   2.918   1.631   -0.073
0.000   5.606	4.719   2.488   1.605   -0.799
0.000   5.622	4.706   2.504   1.540   -0.770
0.000   5.979	4.728   2.829   1.713   -0.223
0.000   1.022	1.589   1.030   1.505   0.996
0.000   5.112	4.697   1.953   1.487   -1.077
0.000   0.652	1.590   0.663   1.481   0.605
0.000   5.381	4.692   2.241   1.496   -0.908
0.000   6.136	4.723   2.983   1.677   -0.039
0.000   5.110	4.688   1.961   1.448   -1.136
0.000   0.039	1.573   0.058   1.553   -0.119
0.000   0.313	1.569   0.336   1.578   0.218
0.000   5.368	4.720   2.205   1.620   -0.775
0.000   5.848	4.718   2.710   1.588   -0.446
0.000   5.873	4.721   2.712   1.640   -0.259
0.000   6.229	4.734   3.079   1.671   -0.013
0.000   1.014	1.566   1.037   1.590   0.912
0.000   6.108	4.700   2.952   1.527   -0.125
0.000   0.594	1.589   0.612   1.486   0.508
0.000   6.266	4.696   3.141   1.496   -0.094
0.000   5.207	4.691   2.059   1.452   -1.032
0.000   6.214	4.696   3.063   1.445   0.009
0.000   0.098	1.571   0.080   1.573   0.261
0.000   0.629	1.553   0.645   1.660   0.546
0.000   0.344	1.590   0.355   1.487   0.295
0.000   5.934	4.735   2.802   1.699   -0.407
0.000   0.246	1.560   0.228   1.609   0.312
0.000   0.355	1.567   0.374   1.604   0.194
0.000   0.545	1.566   0.544   1.584   0.548
0.000   5.953	4.715   2.832   1.583   -0.423
0.000   6.165	4.723   3.038   1.662   -0.242
0.000   0.928	1.579   0.912   1.543   0.982
0.000   1.130	1.568   1.131   1.578   1.127
0.000   5.272	4.718   2.132   1.588   -1.015
0.000   5.929	4.716   2.809   1.596   -0.488
0.000   6.234	4.728   3.109   1.637   -0.119
0.000   0.495	1.548   0.488   1.690   0.534
0.000   5.860	4.705   2.694   1.531   -0.298
0.000   0.296	1.554   0.289   1.632   0.323
0.000   5.967	4.697   2.836   1.521   -0.352
0.000   0.298	1.572   0.295   1.567   0.307
0.000   0.553	1.585   0.534   1.492   0.658
0.000   5.260	4.713   2.114   1.573   -1.011
0.000   5.885	4.735   2.752   1.710   -0.449
0.000   6.056	4.695   2.906   1.436   -0.165
0.000   6.277	1.557   0.007   1.687   -0.122
0.000   5.529	4.720   2.411   1.605   -0.860
0.000   0.580	1.562   0.600   1.621   0.469
0.000   5.190	4.717   2.052   1.584   -1.105
0.000   0.157	1.565   0.172   1.633   0.011
0.000   6.168	4.719   3.040   1.640   -0.254
0.000   6.147	4.730   2.991   1.673   -0.051
0.000   5.330	4.693   2.177   1.462   -0.890
0.000   5.194	4.690   2.057   1.454   -1.111
0.000   6.124	4.717   2.999   1.586   -0.215
0.000   5.850	4.728   2.696   1.629   -0.388
0.000   5.358	4.703   2.195   1.526   -0.823
0.000   0.120	1.586   0.137   1.479   0.021
0.000   1.072	1.567   1.064   1.581   1.096
0.000   0.555	1.552   0.556   1.638   0.551
0.000   0.588	1.554   0.573   1.686   0.691
0.000   5.247	4.715   2.090   1.579   -0.982
0.000   0.345	1.590   0.350   1.492   0.322
0.000   0.928	1.580   0.910   1.537   0.992
0.000   5.940	4.692   2.809   1.466   -0.395
0.000   5.374	4.693   2.230   1.424   -0.891
0.000   0.555	1.559   0.535   1.645   0.677
0.000   0.150	1.553   0.143   1.727   0.209
0.000   0.379	1.572   0.399   1.564   0.302
0.000   0.621	1.582   0.635   1.474   0.500
0.000   0.144	1.575   0.125   1.534   0.292
0.000   0.000	1.583   0.020   1.521   -0.078
0.000   6.265	4.724   3.139   1.666   -0.139
0.000   6.049	4.711   2.903   1.566   -0.222
0.000   0.850	1.559   0.867   1.614   0.791
0.000   0.399	1.549   0.402   1.660   0.387
0.000   0.089	1.573   0.110   1.555   -0.071
0.000   0.679	1.583   0.692   1.452   0.559
0.000   0.213	1.581   0.226   1.467   0.087
0.000   0.172	1.558   0.173   1.612   0.171
0.000   5.405	4.694   2.269   1.499   -0.898
0.000   5.801	4.730   2.650   1.714   -0.402
0.000   5.382	4.716   2.241   1.582   -0.902
0.000   0.301	1.568   0.303   1.579   0.293
0.000   5.209	4.715   2.065   1.579   -1.070
0.000   0.420	1.586   0.409   1.518   0.460
0.000   5.213	4.701   2.079   1.532   -1.098
0.000   1.110	1.583   1.108   1.532   1.115
0.000   5.848	4.704   2.689   1.495   -0.281
0.000   6.006	4.717   2.844   1.604   -0.130
0.000   0.754	1.579   0.733   1.534   0.846
0.000   6.124	4.733   2.987   1.653   -0.179
0.000   5.771	4.720   2.619   1.594   -0.480
0.000   5.492	4.705   2.338   1.548   -0.751
0.000   5.647	4.704   2.518   1.542   -0.679
0.000   5.177	4.690   2.029   1.436   -1.071
0.000   5.199	4.692   2.047   1.459   -1.025
0.000   0.646	1.569   0.653   1.576   0.626
0.000   0.294	1.592   0.282   1.472   0.350
0.000   5.665	4.721   2.501   1.609   -0.515
0.000   5.888	4.704   2.754   1.545   -0.420
0.000   6.142	4.690   3.000   1.468   -0.139
0.000   0.234	1.572   0.258   1.563   0.104
0.000   0.288	1.570   0.310   1.577   0.190
0.000   5.180	4.724   2.018   1.626   -1.009
0.000   5.711	4.707   2.560   1.555   -0.544
0.000   5.723	4.696   2.598   1.479   -0.652
0.000   1.135	1.562   1.158   1.612   1.032
0.000   5.718	4.702   2.560   1.482   -0.419
0.000   5.946	4.729   2.790   1.686   -0.238
0.000   6.110	4.706   2.978   1.491   -0.282
0.000   0.348	1.564   0.327   1.612   0.482
0.000   6.107	4.712   2.947   1.571   -0.016
0.000   0.216	1.568   0.223   1.608   0.120
0.000   0.912	1.566   0.933   1.605   0.756
0.000   6.261	4.697   3.104   1.513   0.035
0.000   0.192	1.592   0.182   1.456   0.246
0.000   6.203	4.689   3.064   1.433   -0.094
0.000   0.904	1.585   0.908   1.523   0.890
0.000   0.209	1.574   0.231   1.550   0.057
0.000   0.317	1.548   0.319   1.710   0.308
0.000   0.244	1.576   0.220   1.544   0.356
0.000   5.133	4.691   1.992   1.487   -1.155
0.000   0.214	1.593   0.217   1.485   0.206
0.000   5.580	4.690   2.438   1.441   -0.695
0.000   0.495	1.585   0.481   1.522   0.544
0.000   5.771	4.730   2.634   1.631   -0.526
0.000   5.651	4.691   2.509   1.408   -0.624
0.000   6.226	4.726   3.066   1.656   0.056
0.000   6.157	4.731   3.022   1.730   -0.184
0.000   6.238	4.712   3.121   1.571   -0.157
0.000   6.109	4.691   2.958   1.476   -0.134
0.000   0.488	1.555   0.485   1.623   0.501
0.000   0.387	1.577   0.363   1.542   0.494
0.000   0.321	1.592   0.330   1.435   0.264
0.000   5.996	4.719   2.864   1.591   -0.320
0.000   0.957	1.549   0.957   1.651   0.960
0.000   5.947	4.717   2.794   1.623   -0.215
0.000   5.939	4.731   2.810   1.656   -0.402
0.000   5.829	4.709   2.682   1.561   -0.438
0.000   5.245	4.715   2.095   1.578   -1.011
0.000   0.973	1.573   0.990   1.563   0.911
0.000   0.608	1.572   0.631   1.565   0.523
0.000   0.430	1.568   0.419   1.579   0.466
0.000   6.018	4.704   2.874   1.457   -0.233
0.000   0.602	1.571   0.581   1.570   0.750
0.000   0.568	1.590   0.554   1.471   0.638
0.000   6.134	4.729   2.979   1.642   -0.091
0.000   0.547	1.593   0.551   1.481   0.530
0.000   0.759	1.560   0.779   1.618   0.670
0.000   5.608	4.737   2.468   1.698   -0.687
0.000   0.426	1.554   0.439   1.693   0.332
0.000   5.162	4.711   2.025   1.565   -1.136
0.000   5.526	4.703   2.363   1.520   -0.642
0.000   5.451	4.691   2.310   1.416   -0.833
0.000   0.724	1.580   0.745   1.512   0.595
0.000   0.360	1.563   0.344   1.638   0.496
0.000   5.728	4.710   2.563   1.559   -0.443
0.000   5.861	4.716   2.726   1.580   -0.444
0.000   5.646	4.708   2.484   1.556   -0.559
0.000   0.768	1.568   0.782   1.580   0.725
0.000   5.255	4.712   2.116   1.569   -1.038
0.000   6.061	4.706   2.927   1.551   -0.244
0.000   5.886	4.727   2.760   1.676   -0.507
0.000   0.038	1.586   0.021   1.505   0.109
0.000   5.430	4.697   2.280   1.518   -0.825
0.000   0.865	1.586   0.879   1.508   0.807
0.000   5.486	4.734   2.351   1.660   -0.825
0.000   5.918	4.706   2.767   1.489   -0.248
0.000   0.351	1.584   0.369   1.510   0.267
0.000   5.418	4.722   2.256   1.612   -0.777
0.000   6.081	4.716   2.955   1.605   -0.347
0.000   5.760	4.712   2.609   1.571   -0.494
0.000   5.261	4.707   2.098   1.530   -0.869
0.000   0.859	1.570   0.876   1.575   0.801
0.000   0.885	1.579   0.906   1.541   0.810
0.000   6.262	4.728   3.114   1.722   0.038
0.000   5.382	4.696   2.244   1.509   -0.917
0.000   0.157	1.551   0.166   1.718   0.087
0.000   0.152	1.563   0.172   1.602   0.074
0.000   0.433	1.560   0.453   1.616   0.349
0.000   6.011	4.713   2.846   1.575   -0.170
0.000   0.179	1.547   0.182   1.686   0.165
0.000   6.097	4.728   2.961   1.722   -0.235
0.000   0.410	1.588   0.399   1.437   0.498
0.000   0.818	1.583   0.836   1.523   0.745
0.000   5.856	4.730   2.704   1.637   -0.388
0.000   5.781	4.691   2.641   1.412   -0.512
0.000   0.515	1.587   0.502   1.447   0.618
0.000   0.258	1.590   0.248   1.493   0.297
0.000   0.483	1.553   0.471   1.639   0.528
0.000   0.551	1.585   0.566   1.518   0.498
0.000   4.998	4.693   1.845   1.501   -1.249
0.000   0.363	1.591   0.355   1.438   0.413
0.000   5.179	4.733   2.031   1.646   -1.084
0.000   5.545	4.728   2.385   1.641   -0.657
0.000   5.810	4.721   2.689   1.606   -0.557
0.000   0.012	1.547   0.016   1.714   -0.017
0.000   6.205	4.731   3.076   1.654   -0.135
0.000   5.597	4.718   2.460   1.587   -0.701
0.000   5.350	4.727   2.195   1.621   -0.886
0.000   0.276	1.594   0.273   1.441   0.294
0.000   0.276	1.592   0.273   1.421   0.296
0.000   0.422	1.581   0.441   1.498   0.286
0.000   0.337	1.584   0.346   1.441   0.247
0.000   5.414	4.705   2.251   1.516   -0.719
0.000   5.918	4.732   2.768   1.644   -0.332
0.000   6.171	4.729   3.045   1.665   -0.206
0.000   0.014	1.572   0.037   1.565   -0.077
0.000   0.788	1.564   0.787   1.592   0.793
0.000   0.816	1.579   0.839   1.526   0.691
0.000   5.113	4.724   1.961   1.610   -1.137
0.000   0.846	1.553   0.860   1.650   0.785
0.000   0.394	1.587   0.378   1.472   0.488
0.000   0.400	1.555   0.415   1.632   0.339
0.000   6.068	4.698   2.921   1.420   -0.156
0.000   5.548	4.726   2.386   1.643   -0.621
0.000   5.099	4.693   1.945   1.494   -1.138
0.000   1.175	1.563   1.177   1.593   1.169
0.000   5.706	4.713   2.560   1.574   -0.566
0.000   5.924	4.723   2.801   1.647   -0.491
0.000   0.063	1.566   0.061   1.584   0.066
0.000   0.235	1.571   0.245   1.563   0.111
0.000   5.842	4.712   2.707   1.571   -0.462
0.000   5.795	4.701   2.672   1.492   -0.609
0.000   5.476	4.734   2.333   1.699   -0.796
0.000   1.216	1.560   1.236   1.613   1.143
0.000   5.507	4.691   2.357   1.461   -0.735
0.000   5.909	4.716   2.789   1.590   -0.502
0.000   5.616	4.707   2.452   1.538   -0.532
0.000   0.499	1.579   0.483   1.501   0.638
0.000   0.525	1.549   0.527   1.733   0.514
0.000   5.510	4.693   2.357   1.480   -0.720
0.000   5.146	4.707   1.988   1.550   -1.077
0.000   0.612	1.592   0.600   1.466   0.672
0.000   5.628	4.705   2.473   1.546   -0.610
0.000   5.387	4.696   2.231   1.478   -0.812
0.000   5.269	4.698   2.109   1.504   -0.927
0.000   5.787	4.718   2.656   1.588   -0.530
0.000   5.617	4.695   2.464   1.508   -0.626
0.000   5.949	4.699   2.791   1.518   -0.269
0.000   1.028	1.572   1.051   1.567   0.936
0.000   6.127	4.715   3.007   1.589   -0.296
0.000   6.217	4.707   3.087   1.555   -0.104
0.000   0.797	1.550   0.807   1.655   0.754
0.000   0.359	1.580   0.380   1.519   0.241
0.000   6.228	4.698   3.083   1.521   -0.042
0.000   5.622	4.732   2.479   1.643   -0.654
0.000   0.657	1.556   0.637   1.638   0.747
0.000   0.493	1.554   0.511   1.645   0.413
0.000   6.129	4.708   2.971   1.554   -0.097
0.000   6.136	4.692   2.979   1.477   -0.074
0.000   5.576	4.704   2.437   1.544   -0.717
0.000   0.595	1.576   0.619   1.539   0.456
0.000   5.800	4.695   2.646   1.499   -0.431
0.000   0.058	1.567   0.060   1.582   0.053
0.000   5.082	4.696   1.921   1.485   -1.098
0.000   5.266	4.692   2.118   1.441   -0.975
0.000   5.263	4.692   2.113   1.431   -0.961
0.000   5.530	4.733   2.379   1.688   -0.693
0.000   0.205	1.564   0.184   1.602   0.297
0.000   0.531	1.592   0.532   1.423   0.528
0.000   5.652	4.723   2.490   1.643   -0.494
0.000   1.132	1.573   1.137   1.564   1.116
0.000   5.971	4.689   2.836   1.451   -0.349
0.000   0.130	1.567   0.107   1.593   0.253
0.000   5.395	4.696   2.258   1.511   -0.906
0.000   0.086	1.572   0.097   1.554   -0.043
0.000   5.174	4.700   2.020   1.528   -1.065
0.000   0.685	1.590   0.682   1.404   0.707
0.000   5.923	4.700   2.793   1.452   -0.475
0.000   0.656	1.589   0.667   1.495   0.608
0.000   6.033	4.708   2.873   1.534   -0.093
0.000   0.057	1.565   0.034   1.595   0.148
0.000   0.094	1.569   0.108   1.575   0.046
0.000   1.029	1.585   1.016   1.521   1.075
0.000   0.304	1.592   0.294   1.454   0.358
0.000   5.486	4.735   2.342   1.662   -0.787
0.000   6.099	4.695   2.956   1.408   -0.164
0.000   0.378	1.580   0.396   1.537   0.308
0.000   5.571	4.736   2.419   1.688   -0.665
0.000   0.259	1.548   0.266   1.669   0.227
0.000   0.292	1.555   0.295   1.735   0.262
0.000   6.204	4.718   3.061   1.588   -0.075
0.000   0.317	1.547   0.323   1.682   0.288
0.000   5.196	4.711   2.054   1.568   -1.087
0.000   0.243	1.594   0.241   1.465   0.251
0.000   0.281	1.575   0.270   1.558   0.316
0.000   6.247	4.733   3.114   1.655   -0.069
0.000   5.397	4.701   2.237   1.495   -0.765
0.000   0.939	1.581   0.952   1.537   0.897
0.000   5.631	4.734   2.482   1.703   -0.604
0.000   5.964	4.725   2.809   1.611   -0.275
0.000   0.978	1.574   0.995   1.560   0.918
0.000   0.680	1.576   0.682   1.554   0.676
0.000   5.772	4.714   2.636   1.575   -0.531
0.000   0.288	1.573   0.309   1.552   0.133
0.000   0.057	1.565   0.073   1.628   -0.087
0.000   0.416	1.564   0.395   1.615   0.551
0.000   6.104	4.726   2.950   1.694   -0.076
0.000   0.173	1.555   0.157   1.632   0.237
0.000   5.897	4.714   2.752   1.575   -0.376
0.000   5.544	4.689   2.395   1.455   -0.707
0.000   5.486	4.712   2.346   1.570   -0.799
0.000   0.747	1.572   0.768   1.565   0.589
0.000   0.928	1.579   0.947   1.514   0.792
0.000   0.195	1.577   0.214   1.547   0.126
0.000   5.671	4.713   2.506   1.575   -0.479
0.000   0.174	1.589   0.160   1.493   0.235
0.000   0.171	1.560   0.189   1.648   0.045
0.000   0.722	1.554   0.734   1.634   0.677
0.000   0.122	1.559   0.104   1.619   0.192
0.000   0.388	1.579   0.410   1.517   0.252
0.000   0.015	1.551   0.025   1.697   -0.045
0.000   5.984	4.725   2.857   1.614   -0.351
0.000   0.679	1.590   0.692   1.487   0.623
0.000   0.225	1.591   0.216   1.424   0.296
0.000   1.056	1.572   1.054   1.568   1.062
0.000   0.868	1.555   0.886   1.657   0.773
0.000   1.162	1.573   1.158   1.563   1.172
0.000   0.598	1.568   0.618   1.580   0.527
0.000   5.354	4.694   2.203   1.440   -0.854
0.000   5.167	4.694   2.017   1.502   -1.086
0.000   0.447	1.574   0.458   1.562   0.411
0.000   0.686	1.576   0.702   1.554   0.631
0.000   6.198	4.715   3.049   1.610   0.023
0.000   0.665	1.562   0.683   1.632   0.530
0.000   6.110	4.706   2.987   1.516   -0.334
0.000   5.751	4.708   2.630   1.555   -0.606
0.000   5.205	4.723   2.059   1.605   -1.063
0.000   0.366	1.592   0.359   1.433   0.413
0.000   0.730	1.593   0.739   1.442   0.678
0.000   5.593	4.719   2.439   1.593   -0.646
0.000   5.921	4.701   2.776   1.535   -0.348
0.000   0.195	1.549   0.195   1.657   0.193
0.000   5.706	4.696   2.565   1.417   -0.579
0.000   0.793	1.562   0.781   1.599   0.836
0.000   5.341	4.728   2.215   1.637   -1.004
0.000   0.099	1.575   0.105   1.518   0.015
0.000   5.965	4.706   2.800   1.527   -0.174
0.000   0.787	1.556   0.805   1.640   0.707
0.000   5.132	4.707   1.997   1.554   -1.172
0.000   6.276	1.589   0.007   1.496   -0.065
0.000   5.808	4.696   2.684   1.489   -0.568
0.000   6.186	4.731   3.031   1.666   -0.028
0.000   5.462	4.699   2.321   1.524   -0.826
0.000   0.221	1.583   0.240   1.516   0.137
0.000   0.975	1.589   0.974   1.508   0.976
0.000   6.120	4.707   2.970   1.499   -0.061
0.000   6.044	4.729   2.889   1.638   -0.186
0.000   5.920	4.696   2.764   1.474   -0.275
0.000   0.846	1.589   0.858   1.494   0.796
0.000   0.916	1.585   0.934   1.519   0.851
0.000   5.546	4.708   2.429   1.549   -0.846
0.000   6.278	4.699   3.116   1.503   0.095
0.000   0.665	1.550   0.673   1.710   0.615
0.000   0.154	1.573   0.178   1.559   0.043
0.000   0.324	1.591   0.335   1.456   0.260
0.000   0.225	1.558   0.211   1.676   0.348
0.000   1.188	1.569   1.194   1.577   1.169
0.000   0.942	1.558   0.941   1.612   0.945
0.000   0.278	1.564   0.256   1.602   0.383
0.000   0.661	1.563   0.637   1.610   0.790
0.000   6.004	4.724   2.842   1.637   -0.162
0.000   0.318	1.584   0.297   1.509   0.418
0.000   0.004	1.580   0.025   1.536   -0.071
0.000   6.037	4.721   2.887   1.673   -0.147
0.000   5.286	4.705   2.122   1.525   -0.858
0.000   5.803	4.711   2.641   1.558   -0.323
0.000   5.980	4.701   2.823   1.475   -0.176
0.000   0.164	1.563   0.141   1.613   0.282
0.000   0.030	1.570   0.017   1.577   0.178
0.000   5.969	4.691   2.836   1.488   -0.346
0.000   0.342	1.554   0.349   1.634   0.315
0.000   6.253	4.695   3.093   1.481   0.066
0.000   6.077	4.734   2.943   1.702   -0.252
0.000   0.584	1.564   0.563   1.595   0.660
0.000   6.044	4.695   2.917   1.457   -0.338
0.000   6.222	4.729   3.088   1.721   -0.125
0.000   0.074	1.556   0.062   1.624   0.118
0.000   5.321	4.699   2.181   1.526   -0.968
0.000   0.716	1.587   0.721   1.408   0.666
0.000   5.118	4.724   1.957   1.620   -1.080
0.000   0.241	1.552   0.233   1.644   0.269
0.000   6.002	4.701   2.857   1.535   -0.270
0.000   0.065	1.570   0.064   1.572   0.067
0.000   0.754	1.581   0.750   1.539   0.765
0.000   5.962	4.724   2.840   1.620   -0.400
0.000   0.434	1.560   0.451   1.654   0.301
0.000   0.260	1.567   0.282   1.585   0.174
0.000   5.527	4.727   2.404   1.626   -0.827
0.000   6.215	4.704   3.053   1.536   0.021
0.000   0.147	1.592   0.134   1.470   0.204
0.000   5.748	4.707   2.584   1.543   -0.421
0.000   0.003	1.572   0.027   1.566   -0.124
0.000   6.048	4.700   2.911   1.438   -0.290
0.000   0.307	1.554   0.315   1.716   0.241
0.000   0.835	1.570   0.811   1.573   0.933
0.000   0.071	1.554   0.072   1.627   0.070
0.000   6.033	4.705   2.871   1.522   -0.116
0.000   5.859	4.703   2.732   1.485   -0.551
0.000   6.221	4.734   3.078   1.661   -0.056
0.000   0.680	1.551   0.690   1.667   0.634
0.000   5.394	4.724   2.261   1.609   -0.920
0.000   0.866	1.589   0.855   1.503   0.908
0.000   5.533	4.717   2.369   1.601   -0.611
0.000   0.749	1.566   0.772   1.593   0.641
0.000   5.299	4.720   2.150   1.593   -0.963
0.000   0.391	1.576   0.408   1.528   0.243
0.000   5.500	4.695   2.370   1.506   -0.827
0.000   5.810	4.688   2.669   1.451   -0.475
0.000   0.660	1.553   0.672   1.639   0.611
0.000   5.304	4.717   2.178   1.586   -1.033
0.000   1.041	1.550   1.038   1.648   1.053
0.000   0.311	1.548   0.303   1.693   0.352
0.000   5.660	4.733   2.529   1.708   -0.694
0.000   0.076	1.571   0.077   1.569   0.072
0.000   0.436	1.556   0.451   1.626   0.380
0.000   6.239	4.711   3.121   1.563   -0.180
0.000   6.040	4.734   2.894   1.732   -0.211
0.000   5.983	4.727   2.835   1.622   -0.279
0.000   6.233	4.700   3.086   1.428   0.014
0.000   0.101	1.586   0.109   1.430   0.022
0.000   6.271	4.713   3.138   1.571   -0.040
0.000   0.631	1.561   0.616   1.605   0.689
0.000   0.261	1.589   0.264   1.412   0.235
0.000   0.140	1.590   0.130   1.492   0.181
0.000   5.880	4.717   2.741   1.585   -0.414
0.000   5.580	4.724   2.438   1.608   -0.705
0.000   6.200	4.713   3.063   1.574   -0.097
0.000   0.728	1.583   0.709   1.498   0.839
0.000   0.011	4.692   3.140   1.440   0.087
0.000   0.042	1.586   0.038   1.418   0.091
0.000   5.915	4.687   2.772   1.451   -0.362
0.000   0.756	1.588   0.763   1.503   0.730
0.000   5.903	4.735   2.763   1.712   -0.384
0.000   0.707	1.552   0.719   1.704   0.619
0.000   5.239	4.709   2.097   1.560   -1.043
0.000   5.765	4.706   2.642   1.546   -0.589
0.000   0.632	1.566   0.653   1.592   0.546
0.000   0.403	1.573   0.380   1.563   0.501
0.000   6.220	4.713   3.097   1.574   -0.125
0.000   6.176	4.719   3.020   1.637   0.030
0.000   0.396	1.592   0.398   1.491   0.386
0.000   0.857	1.554   0.874   1.663   0.764
0.000   6.252	4.711   3.087   1.567   0.071
0.000   0.683	1.554   0.688   1.636   0.660
0.000   0.970	1.576   0.971   1.554   0.969
0.000   0.214	1.577   0.193   1.528   0.366
0.000   0.053	1.572   0.049   1.567   0.062
0.000   0.320	1.574   0.299   1.546   0.469
0.000   5.793	4.707   2.641   1.552   -0.453
0.000   5.333	4.728   2.172   1.646   -0.854
0.000   5.994	4.732   2.840   1.660   -0.233
0.000   0.171	1.567   0.155   1.604   0.334
0.000   5.535	4.730   2.409   1.642   -0.816
0.000   6.152	4.701   2.991   1.507   -0.019
0.000   6.217	4.730   3.067   1.715   0.006
0.000   0.281	1.591   0.286   1.421   0.238
0.000   6.065	4.696   2.904   1.488   -0.120
0.000   5.321	4.713   2.165   1.572   -0.913
0.000   0.826	1.575   0.803   1.554   0.923
0.000   5.522	4.712   2.377   1.570   -0.753
0.000   5.336	4.737   2.191   1.676   -0.933
0.000   5.876	4.722   2.717   1.605   -0.344
0.000   0.410	1.571   0.409   1.572   0.412
0.000   6.240	4.730   3.100   1.631   -0.050
0.000   0.077	1.588   0.061   1.494   0.145
0.000   0.017	1.568   0.022   1.578   -0.000
0.000   0.294	1.592   0.306   1.482   0.244
0.000   5.905	4.692   2.755   1.447   -0.326
0.000   0.107	1.563   0.126   1.600   0.036
0.000   0.975	1.570   0.998   1.574   0.870
0.000   0.419	1.575   0.441   1.555   0.331
0.000   0.365	1.547   0.361   1.674   0.386
0.000   0.427	1.592   0.432   1.493   0.407
0.000   0.642	1.580   0.639   1.544   0.652
0.000   0.432	1.584   0.414   1.486   0.544
0.000   5.492	4.688   2.350   1.429   -0.792
0.000   5.419	4.691   2.268   1.441   -0.804
0.000   5.863	4.731   2.716   1.722   -0.375
0.000   5.462	4.704   2.298   1.528   -0.717
0.000   5.524	4.717   2.406   1.592   -0.876
0.000   6.210	4.713   3.056   1.573   -0.036
0.000   5.666	4.719   2.525   1.590   -0.619
0.000   0.893	1.594   0.894   1.423   0.887
0.000   0.139	1.585   0.121   1.467   0.262
0.000   5.423	4.706   2.260   1.540   -0.760
0.000   0.890	1.580   0.908   1.535   0.821
0.000   0.130	1.551   0.138   1.723   0.062
0.000   5.956	4.699   2.803   1.444   -0.222
0.000   0.993	1.576   0.993   1.553   0.994
0.000   0.383	1.579   0.362   1.519   0.506
0.000   5.697	4.721   2.577   1.622   -0.725
0.000   5.979	4.724   2.817   1.645   -0.175
0.000   1.232	1.592   1.238   1.487   1.207
0.000   1.113	1.583   1.129   1.525   1.051
0.000   0.336	1.585   0.339   1.418   0.301
0.000   0.025	1.557   0.009   1.658   0.134
0.000   0.499	1.577   0.475   1.542   0.619
0.000   6.006	4.697   2.869   1.520   -0.293
0.000   1.186	1.569   1.196   1.576   1.155
0.000   5.471	4.691   2.339   1.455   -0.862
0.000   0.543	1.554   0.549   1.630   0.521
0.000   5.446	4.712   2.326   1.570   -0.930
0.000   5.881	4.693   2.736   1.428   -0.371
0.000   0.746	1.583   0.764   1.509   0.649
0.000   0.644	1.558   0.628   1.617   0.703
0.000   0.386	1.578   0.406   1.514   0.233
0.000   0.253	1.554   0.243   1.708   0.331
0.000   6.265	4.707   3.101   1.539   0.105
0.000   5.818	4.700   2.667   1.528   -0.435
0.000   0.010	4.703   3.131   1.506   0.155
0.000   0.833	1.551   0.845   1.692   0.759
0.000   0.996	1.559   0.993   1.611   1.008
0.000   5.999	4.698   2.864   1.521   -0.310
0.000   0.107	1.587   0.095   1.511   0.148
0.000   6.267	4.720   3.103   1.610   0.104
0.000   0.625	1.571   0.601   1.570   0.761
0.000   5.933	4.709   2.774   1.559   -0.287
0.000   0.068	1.552   0.083   1.667   -0.005
0.000   0.209	1.549   0.205   1.677   0.227
0.000   0.282	1.572   0.293   1.554   0.142
0.000   6.256	4.723   3.093   1.623   0.080
0.000   0.023	1.555   0.029   1.628   0.004
0.000   5.740	4.715   2.602   1.579   -0.554
0.000   6.030	4.708   2.866   1.554   -0.165
0.000   5.505	4.711   2.340   1.564   -0.645
0.000   0.575	1.553   0.568   1.635   0.603
0.000   0.262	1.585   0.272   1.522   0.227
0.000   6.267	4.712   3.118   1.571   0.010
0.000   0.357	1.556   0.344   1.699   0.462
0.000   0.750	1.562   0.758   1.597   0.725
0.000   5.596	4.732   2.443   1.686   -0.619
0.000   5.668	4.732   2.521   1.646   -0.597
0.000   0.311	1.590   0.303   1.414   0.371
0.000   6.123	4.699   3.003   1.502   -0.274
0.000   5.339	4.688   2.198   1.431   -0.949
0.000   1.048	1.581   1.030   1.532   1.118
0.000   0.929	1.574   0.930   1.562   0.924
0.000   5.683	4.696   2.523   1.488   -0.508
0.000   1.169	1.569   1.172   1.576   1.162
0.000   0.493	1.588   0.500   1.509   0.467
0.000   0.222	1.579   0.239   1.505   0.082
0.000   5.503	4.729   2.349   1.691   -0.686
0.000   0.160	1.585   0.178   1.518   0.094
0.000   6.043	4.700   2.883   1.522   -0.168
0.000   6.191	4.692   3.048   1.494   -0.087
0.000   5.409	4.732   2.255   1.684   -0.806
0.000   0.315	1.558   0.308   1.612   0.341
0.000   5.478	4.689   2.343   1.459   -0.839
0.000   5.696	4.724   2.541   1.672   -0.465
0.000   0.206	1.589   0.197   1.498   0.244
0.000   0.017	1.579   0.002   1.543   0.068
0.000   0.772	1.566   0.795   1.593   0.667
0.000   0.143	1.585   0.125   1.509   0.224
0.000   5.982	4.727   2.824   1.676   -0.179
0.000   0.315	1.554   0.323   1.632   0.287
0.000   5.374	4.714   2.236   1.575   -0.920
0.000   6.156	4.724   3.008   1.704   -0.057
0.000   6.208	4.693   3.077   1.489   -0.118
0.000   6.055	4.690   2.919   1.442   -0.255
0.000   0.655	1.581   0.645   1.537   0.687
0.000   0.063	1.571   0.056   1.569   0.084
0.000   1.028	1.585   1.020   1.525   1.056
0.000   0.244	1.562   0.224   1.638   0.392
0.000   5.406	4.704   2.242   1.533   -0.772
0.000   0.744	1.582   0.765   1.499   0.619
0.000   5.619	4.722   2.471   1.600   -0.644
0.000   0.017	4.721   3.139   1.637   0.158
0.000   0.772	1.569   0.780   1.577   0.750
0.000   0.236	1.577   0.256   1.546   0.162
0.000   5.794	4.708   2.629   1.550   -0.387
0.000   6.273	4.712   3.107   1.570   0.114
0.000   0.002	4.730   3.139   1.723   0.045
0.000   6.208	4.695   3.048   1.491   0.012
0.000   0.247	1.594   0.248   1.468   0.244
0.000   5.802	4.718   2.637   1.593   -0.388
0.000   0.869	1.592   0.871   1.403   0.857
0.000   5.443	4.732   2.288   1.655   -0.783
0.000   0.318	1.572   0.341   1.564   0.204
0.000   0.981	1.593   0.978   1.482   0.991
0.000   6.269	1.583   0.002   1.485   -0.129
0.000   0.662	1.558   0.647   1.619   0.722
0.000   5.152	4.706   1.986   1.541   -1.021
0.000   5.955	4.728   2.793   1.652   -0.224
0.000   0.808	1.573   0.810   1.565   0.803
0.000   0.247	1.570   0.258   1.583   0.109
0.000   0.735	1.582   0.736   1.534   0.730
0.000   0.221	1.582   0.202   1.522   0.300
0.000   0.647	1.585   0.653   1.523   0.628
0.000   5.801	4.735   2.667   1.688   -0.522
0.000   6.160	4.729   3.008   1.633   -0.083
0.000   0.251	1.547   0.246   1.689   0.280
0.000   0.051	1.566   0.074   1.589   -0.040
0.000   5.748	4.727   2.591   1.624   -0.477
0.000   0.168	1.576   0.178   1.554   0.136
0.000   0.624	1.562   0.603   1.630   0.758
0.000   5.454	4.728   2.295   1.655   -0.730
0.000   1.014	1.553   1.023   1.634   0.980
0.000   6.237	4.703   3.075   1.534   0.034
0.000   0.591	1.574   0.614   1.557   0.480
0.000   5.448	4.701   2.284   1.515   -0.731
0.000   0.143	1.560   0.121   1.622   0.255
0.000   6.258	4.736   3.121   1.690   -0.053
0.000   0.395	1.563   0.405   1.595   0.363
0.000   5.876	4.691   2.730   1.481   -0.385
0.000   0.392	1.551   0.393   1.730   0.384
0.000   0.271	1.575   0.247   1.552   0.381
0.000   0.387	1.563   0.401   1.650   0.243
0.000   5.876	4.695   2.749   1.477   -0.490
0.000   0.537	1.573   0.558   1.555   0.397
0.000   5.980	4.697   2.827   1.441   -0.205
0.000   6.179	4.709   3.034   1.561   -0.093
0.000   0.522	1.594   0.523   1.439   0.518
0.000   5.582	4.727   2.427   1.624   -0.650
0.000   0.918	1.583   0.903   1.526   0.975
0.000   0.226	1.571   0.251   1.569   0.110
0.000   6.111	4.696   2.969   1.518   -0.171
0.000   6.048	4.716   2.909   1.581   -0.240
0.000   1.005	1.577   0.982   1.545   1.100
0.000   6.073	4.716   2.942   1.582   -0.241
0.000   0.357	1.553   0.360   1.632   0.345
0.000   5.675	4.704   2.545   1.543   -0.648
0.000   1.072	1.585   1.070   1.522   1.077
0.000   6.227	4.734   3.087   1.725   -0.071
0.000   6.226	4.725   3.066   1.655   0.061
0.000   6.074	4.697   2.930   1.409   -0.183
0.000   0.284	1.590   0.270   1.492   0.340
0.000   0.459	1.594   0.452   1.461   0.493
0.000   5.578	4.695   2.452   1.485   -0.778
0.000   0.989	1.561   1.011   1.616   0.888
0.000   0.864	1.575   0.886   1.546   0.727
0.000   5.962	4.695   2.831   1.434   -0.405
0.000   5.605	4.706   2.483   1.545   -0.757
0.000   6.068	4.723   2.924   1.606   -0.207
0.000   0.544	1.555   0.539   1.624   0.560
0.000   0.238	1.576   0.247   1.503   0.135
0.000   5.888	4.708   2.763   1.556   -0.451
0.000   1.028	1.589   1.044   1.465   0.938
0.000   0.907	1.584   0.923   1.474   0.784
0.000   0.117	1.575   0.139   1.550   0.016
0.000   5.784	4.734   2.652   1.682   -0.549
0.000   5.623	4.695   2.496   1.492   -0.728
0.000   5.516	4.689   2.380   1.459   -0.793
0.000   6.099	4.707   2.975   1.524   -0.334
0.000   0.332	1.566   0.311   1.588   0.407
0.000   0.734	1.567   0.737   1.583   0.726
0.000   0.165	1.556   0.149   1.638   0.241
0.000   0.192	1.564   0.180   1.595   0.232
0.000   0.969	1.581   0.985   1.534   0.909
0.000   0.912	1.564   0.935   1.607   0.796
0.000   5.597	4.735   2.463   1.671   -0.722
0.000   5.411	4.717   2.273   1.584   -0.884
0.000   5.426	4.725   2.272   1.613   -0.816
0.000   0.200	1.575   0.201   1.559   0.196
0.000   5.778	4.701   2.654   1.530   -0.572
0.000   5.631	4.698   2.472   1.519   -0.589
0.000   6.275	4.690   3.137   1.480   -0.023
0.000   5.652	4.724   2.496   1.609   -0.582
0.000   5.225	4.722   2.094   1.605   -1.093
0.000   0.343	1.592   0.340   1.426   0.362
0.000   5.912	4.729   2.780   1.630   -0.406
0.000   5.115	4.724   1.954   1.618   -1.087
0.000   0.148	1.556   0.162   1.683   0.044
0.000   5.050	4.714   1.901   1.576   -1.211
0.000   0.383	1.555   0.366   1.660   0.480
0.000   5.396	4.716   2.271   1.582   -0.942
0.000   5.732	4.703   2.576   1.482   -0.406
0.000   5.191	4.705   2.027   1.539   -0.991
0.000   0.115	1.550   0.109   1.661   0.142
0.000   0.551	1.552   0.548   1.641   0.563
0.000   0.390	1.554   0.390   1.628   0.394
0.000   5.222	4.729   2.067   1.635   -1.006
0.000   5.369	4.704   2.224   1.545   -0.900
0.000   0.759	1.566   0.781   1.601   0.612
0.000   0.992	1.591   1.004   1.487   0.942
0.000   5.627	4.735   2.493   1.680   -0.695
0.000   0.779	1.556   0.767   1.623   0.822
0.000   6.053	4.722   2.891   1.611   -0.147
0.000   5.524	4.706   2.395   1.550   -0.801
0.000   5.660	4.733   2.512   1.721   -0.581
0.000   5.969	4.703   2.824   1.542   -0.305
0.000   5.497	4.735   2.360   1.690   -0.810
0.000   0.567	1.565   0.544   1.599   0.676
0.000   5.271	4.708   2.108   1.541   -0.868
0.000   6.237	4.734   3.093   1.718   -0.030
0.000   5.494	4.708   2.357   1.555   -0.803
0.000   6.095	4.714   2.931   1.583   -0.038
0.000   0.515	1.571   0.490   1.568   0.634
0.000   0.634	1.577   0.654   1.526   0.497
0.000   0.179	1.573   0.200   1.554   0.026
0.000   6.257	4.712   3.133   1.571   -0.089
0.000   5.345	4.714   2.181   1.578   -0.849
0.000   6.228	4.705   3.095   1.480   -0.165
0.000   6.109	4.689   2.965   1.414   -0.159
0.000   6.106	4.711   2.943   1.562   -0.016
0.000   0.880	1.584   0.897   1.518   0.812
0.000   0.104	1.592   0.110   1.472   0.076
0.000   1.205	1.566   1.224   1.588   1.143
0.000   5.776	4.697   2.636   1.415   -0.525
0.000   6.214	4.713   3.049   1.574   0.039
0.000   5.979	4.736   2.830   1.696   -0.263
0.000   5.424	4.717   2.282   1.586   -0.857
0.000   5.583	4.699   2.432   1.522   -0.664
0.000   5.437	4.730   2.308   1.645   -0.899
0.000   0.157	1.574   0.175   1.542   -0.002
0.000   0.752	1.562   0.766   1.598   0.705
0.000   0.561	1.585   0.563   1.424   0.534
0.000   0.274	1.570   0.296   1.576   0.147
0.000   0.007	4.732   3.135   1.652   0.064
0.000   6.236	4.726   3.104   1.617   -0.081
0.000   5.965	4.694   2.825   1.406   -0.335
0.000   5.980	4.716   2.827   1.608   -0.172
0.000   5.471	4.714   2.349   1.578   -0.882
0.000   6.061	4.706   2.897   1.539   -0.109
0.000   0.215	1.571   0.223   1.570   0.194
0.000   6.220	4.691   3.084   1.478   -0.087
0.000   6.071	4.690   2.939   1.463   -0.258
0.000   5.908	4.707   2.780   1.554   -0.418
0.000   0.968	1.566   0.967   1.586   0.969
0.000   5.376	4.712   2.224   1.569   -0.878
0.000   5.891	4.701   2.745   1.537   -0.380
0.000   5.824	4.695   2.689   1.426   -0.517
0.000   0.099	1.594   0.108   1.466   0.057
0.000   0.075	1.554   0.074   1.740   0.080
0.000   0.291	1.580   0.312   1.512   0.157
0.000   0.028	1.589   0.029   1.507   0.024
0.000   0.818	1.594   0.812   1.451   0.850
0.000   0.286	1.552   0.273   1.645   0.339
0.000   0.833	1.554   0.846   1.684   0.744
0.000   5.553	4.689   2.407   1.434   -0.701
0.000   6.224	4.693   3.087   1.425   -0.090
0.000   0.513	1.582   0.532   1.521   0.428
0.000   5.480	4.737   2.340   1.685   -0.812
0.000   0.182	1.562   0.201   1.606   0.106
0.000   1.157	1.563   1.169   1.599   1.114
0.000   0.556	1.595   0.554   1.431   0.567
0.000   1.101	1.579   1.115   1.543   1.055
0.000   0.900	1.577   0.902   1.553   0.893
0.000   5.828	4.708   2.664   1.543   -0.317
0.000   0.016	1.547   0.017   1.718   0.008
0.000   6.254	4.700   3.095   1.522   0.037
0.000   0.650	1.553   0.658   1.713   0.586
0.000   0.636	1.583   0.616   1.517   0.728
0.000   0.775	1.586   0.757   1.483   0.882
0.000   0.178	1.568   0.154   1.585   0.279
0.000   0.114	1.568   0.091   1.584   0.214
0.000   5.778	4.728   2.620   1.633   -0.440
0.000   6.008	4.730   2.881   1.651   -0.340
0.000   0.593	1.583   0.612   1.520   0.510
0.000   6.136	4.698   2.980   1.462   -0.037
0.000   0.033	1.577   0.052   1.546   -0.040
0.000   5.401	4.728   2.240   1.651   -0.787
0.000   6.149	4.704   2.998   1.546   -0.105
0.000   5.551	4.712   2.387   1.566   -0.584
0.000   0.302	1.564   0.308   1.593   0.286
0.000   6.273	4.730   3.131   1.634   -0.008
0.000   0.644	1.554   0.655   1.700   0.556
0.000   0.272	1.566   0.262   1.587   0.305
0.000   6.193	4.720   3.073   1.613   -0.215
0.000   1.018	1.548   1.018   1.659   1.022
0.000   0.356	1.552   0.368   1.689   0.286
0.000   0.029	1.586   0.017   1.436   0.132
0.000   0.252	1.559   0.259   1.699   0.176
0.000   0.781	1.552   0.768   1.651   0.835
0.000   0.756	1.594   0.751   1.467   0.777
0.000   6.224	4.710   3.095   1.546   -0.205
0.000   5.806	4.716   2.670   1.581   -0.493
0.000   1.163	1.590   1.176   1.489   1.107
0.000   0.489	1.565   0.502   1.635   0.354
0.000   5.374	4.703   2.223   1.539   -0.878
0.000   0.189	1.559   0.209   1.640   0.064
0.000   0.757	1.587   0.769   1.454   0.671
0.000   5.429	4.702   2.281   1.539   -0.835
0.000   0.282	1.554   0.270   1.704   0.381
0.000   5.494	4.711   2.346   1.565   -0.769
0.000   0.051	1.568   0.035   1.598   0.202
0.000   0.060	1.564   0.047   1.593   0.100
0.000   0.814	1.588   0.828   1.476   0.734
0.000   0.027	1.557   0.030   1.616   0.017
0.000   6.154	4.699   2.993   1.503   -0.026
0.000   0.692	1.584   0.710   1.482   0.575
0.000   5.705	4.729   2.581   1.639   -0.653
0.000   6.220	4.709   3.102   1.552   -0.191
0.000   5.514	4.714   2.373   1.574   -0.771
0.000   5.454	4.712   2.290   1.569   -0.687
0.000   0.529	1.574   0.518   1.560   0.561
0.000   5.841	4.694   2.714   1.490   -0.502
0.000   0.402	1.585   0.408   1.419   0.337
0.000   5.645	4.691   2.500   1.478   -0.624
0.000   0.275	1.571   0.251   1.572   0.372
0.000   6.165	4.728   3.023   1.725   -0.115
0.000   0.348	1.592   0.345   1.488   0.362
0.000   5.329	4.716   2.190   1.582   -0.962
0.000   5.443	4.721   2.290   1.599   -0.805
0.000   1.034	1.560   1.036   1.603   1.030
0.000   6.052	4.716   2.887   1.588   -0.108
0.000   5.614	4.717   2.494   1.591   -0.769
0.000   0.206	1.568   0.209   1.579   0.199
0.000   0.437	1.552   0.427   1.717   0.517
0.000   5.604	4.729   2.446   1.666   -0.582
0.000   5.570	4.695   2.413   1.461   -0.611
0.000   5.732	4.723   2.570   1.639   -0.416
0.000   0.371	1.566   0.395   1.600   0.224
0.000   5.645	4.734   2.515   1.660   -0.688
0.000   0.847	1.564   0.847   1.591   0.845
0.000   0.123	1.568   0.107   1.579   0.178
0.000   5.463	4.706   2.344   1.545   -0.919
0.000   0.373	1.565   0.393   1.612   0.226
0.000   5.834	4.728   2.673   1.648   -0.350
0.000   0.467	1.552   0.457   1.697   0.533
0.000   6.053	4.723   2.930   1.647   -0.370
0.000   5.350	4.720   2.193   1.596   -0.879
0.000   5.778	4.689   2.644   1.448   -0.548
0.000   6.151	4.723   2.991   1.612   -0.058
0.000   5.615	4.734   2.476   1.652   -0.678
0.000   5.660	4.715   2.528   1.577   -0.653
0.000   5.889	4.703   2.768   1.524   -0.499
0.000   0.769	1.584   0.752   1.522   0.829
0.000   1.001	1.592   1.009   1.427   0.944
0.000   1.107	1.579   1.097   1.546   1.137
0.000   1.049	1.586   1.064   1.509   0.989
0.000   5.958	4.734   2.820   1.718   -0.356
0.000   0.498	1.589   0.509   1.446   0.417
0.000   6.046	4.691   2.905   1.417   -0.242
0.000   6.027	4.735   2.875   1.696   -0.198
0.000   0.555	1.568   0.532   1.588   0.694
0.000   0.892	1.590   0.897   1.423   0.847
0.000   5.623	4.720   2.491   1.597   -0.691
0.000   0.168	1.575   0.188   1.557   0.091
0.000   1.046	1.577   1.046   1.552   1.046
0.000   6.047	4.701   2.891   1.466   -0.112
0.000   0.633	1.583   0.631   1.532   0.641
0.000   5.443	4.702   2.320   1.530   -0.917
0.000   1.128	1.560   1.143   1.612   1.070
0.000   5.902	4.690   2.751   1.447   -0.326
0.000   5.943	4.735   2.803   1.655   -0.347
0.000   0.946	1.550   0.941   1.653   0.965
0.000   5.254	4.717   2.106   1.585   -1.009
0.000   0.219	1.553   0.228   1.709   0.142
0.000   0.050	1.572   0.065   1.567   -0.001
0.000   5.206	4.695   2.051   1.439   -0.983
0.000   6.171	4.731   3.022   1.640   -0.082
0.000   0.651	1.554   0.636   1.658   0.728
0.000   5.568	4.700   2.446   1.505   -0.819
0.000   0.439	1.592   0.449   1.429   0.375
0.000   0.001	4.731   3.134   1.705   0.069
0.000   0.393	1.590   0.408   1.477   0.323
0.000   6.086	4.694   2.945   1.411   -0.209
0.000   0.412	1.576   0.405   1.556   0.433
0.000   5.665	4.711   2.543   1.565   -0.692
0.000   0.338	1.575   0.345   1.558   0.313
0.000   0.064	1.591   0.075   1.444   -0.000
0.000   6.204	4.698   3.051   1.514   -0.034
0.000   0.093	1.576   0.072   1.529   0.254
0.000   0.063	1.549   0.073   1.660   0.022
0.000   0.202	1.554   0.211   1.631   0.166
0.000   6.078	4.709   2.932   1.560   -0.192
0.000   6.154	4.715   2.991   1.589   0.017
0.000   0.011	1.557   0.014   1.719   -0.021
0.000   0.869	1.592   0.871   1.428   0.852
0.000   0.383	1.582   0.399   1.530   0.320
0.000   5.473	4.702   2.350   1.530   -0.884
0.000   0.373	1.552   0.370   1.642   0.387
0.000   5.882	4.701   2.721   1.526   -0.326
0.000   0.136	1.551   0.147   1.697   0.064
0.000   0.223	1.570   0.225   1.574   0.217
0.000   0.680	1.570   0.699   1.574   0.610
0.000   0.786	1.580   0.770   1.537   0.846
0.000   0.612	1.567   0.632   1.585   0.541
0.000   5.673	4.713   2.527   1.572   -0.595
0.000   1.167	1.593   1.174   1.447   1.130
0.000   0.031	1.592   0.040   1.488   -0.006
0.000   6.219	4.719   3.091   1.592   -0.112
0.000   0.424	1.575   0.407   1.536   0.580
0.000   5.630	4.710   2.508   1.560   -0.729
0.000   0.196	1.589   0.205   1.423   0.122
0.000   0.357	1.594   0.350   1.462   0.392
0.000   0.637	1.557   0.625   1.615   0.675
0.000   0.254	1.573   0.277   1.560   0.151
0.000   0.230	1.552   0.215   1.682   0.322
0.000   5.174	4.692   2.027   1.487   -1.086
0.000   5.917	4.735   2.775   1.686   -0.360
0.000   6.053	4.689   2.903   1.463   -0.188
0.000   6.277	4.703   3.127   1.539   0.020
0.000   0.754	1.569   0.777   1.577   0.670
0.000   1.052	1.575   1.057   1.557   1.037
0.000   0.339	1.559   0.319   1.638   0.454
0.000   5.587	4.715   2.434   1.577   -0.662
0.000   0.521	1.571   0.498   1.571   0.618
0.000   0.120	1.583   0.129   1.434   0.026
0.000   1.209	1.588   1.224   1.482   1.127
0.000   0.925	1.591   0.934   1.493   0.893
