Plx	Ply	Plz	Ppx	Ppy	Ppz	Ppix	Ppiy	Ppiz
4.538	2.097	0.000	3.680	1.619	0.061	0.858	0.478	-0.061
4.986	-0.377	-0.000	3.916	-0.361	-0.035	1.070	-0.016	0.035
4.770	-1.499	0.000	3.847	-1.277	0.066	0.923	-0.222	-0.066
4.273	-2.596	0.000	3.754	-2.375	-0.040	0.519	-0.220	0.040
4.714	1.668	-0.000	3.983	1.386	-0.097	0.731	0.282	0.097
3.775	3.279	-0.000	3.328	2.987	0.040	0.447	0.292	-0.040
4.987	-0.369	0.000	4.611	-0.379	0.027	0.376	0.010	-0.027
3.534	3.537	0.000	2.875	2.768	0.038	0.659	0.769	-0.038
2.385	4.394	-0.000	1.841	3.403	0.065	0.544	0.992	-0.065
4.341	2.481	0.000	3.823	2.140	0.086	0.518	0.341	-0.086
4.869	-1.138	-0.000	3.985	-0.980	0.079	0.884	-0.158	-0.079
4.666	1.794	0.000	4.093	1.659	-0.055	0.573	0.135	0.055
4.913	-0.931	-0.000	4.352	-0.909	-0.025	0.561	-0.022	0.025
4.543	-2.089	-0.000	3.892	-1.874	0.057	0.651	-0.215	-0.057
4.989	0.337	0.000	4.210	0.188	0.015	0.779	0.149	-0.015
4.883	-1.076	-0.000	3.821	-0.839	-0.073	1.061	-0.237	0.073
4.640	-1.864	0.000	3.779	-1.482	-0.087	0.861	-0.382	0.087
3.877	-3.157	0.000	3.457	-2.913	-0.032	0.419	-0.244	0.032
4.413	2.349	-0.000	3.338	1.805	-0.036	1.075	0.544	0.036
4.871	1.131	0.000	4.447	1.021	-0.067	0.424	0.110	0.067
4.868	-1.140	-0.000	4.147	-1.004	0.096	0.721	-0.136	-0.096
2.703	-4.205	-0.000	2.181	-3.442	-0.098	0.523	-0.764	0.098
2.266	-4.456	0.000	1.878	-3.815	-0.090	0.388	-0.641	0.090
4.584	-1.998	-0.000	3.700	-1.707	-0.033	0.884	-0.291	0.033
4.088	2.879	-0.000	3.309	2.402	0.077	0.779	0.477	-0.077
3.444	-3.626	-0.000	2.863	-2.886	0.016	0.580	-0.740	-0.016
4.722	-1.642	0.000	4.363	-1.520	-0.055	0.359	-0.122	0.055
4.923	-0.869	0.000	3.694	-0.673	-0.011	1.229	-0.196	0.011
4.422	2.333	-0.000	3.905	1.950	-0.001	0.517	0.383	0.001
2.130	-4.523	0.000	1.634	-3.629	0.057	0.496	-0.895	-0.057
4.472	2.236	-0.000	3.562	1.744	-0.080	0.909	0.492	0.080
4.871	-1.126	0.000	4.339	-1.007	0.088	0.532	-0.120	-0.088
3.959	-3.054	0.000	3.288	-2.451	-0.071	0.671	-0.603	0.071
4.894	-1.024	-0.000	4.214	-0.984	0.016	0.679	-0.041	-0.016
4.596	-1.970	0.000	3.521	-1.556	0.018	1.075	-0.414	-0.018
3.796	-3.253	0.000	2.985	-2.665	0.048	0.811	-0.588	-0.048
4.374	2.422	-0.000	3.810	1.995	-0.004	0.564	0.427	0.004
4.934	-0.812	-0.000	4.068	-0.768	0.017	0.866	-0.044	-0.017
2.256	4.462	-0.000	1.785	3.421	0.032	0.471	1.041	-0.032
3.273	3.778	-0.000	2.669	3.207	-0.067	0.604	0.571	0.067
3.644	3.423	0.000	2.731	2.550	0.007	0.913	0.873	-0.007
4.994	-0.245	0.000	4.149	-0.302	0.012	0.845	0.057	-0.012
4.787	-1.445	0.000	3.721	-1.061	0.011	1.066	-0.384	-0.011
4.996	0.216	0.000	4.113	0.259	-0.043	0.884	-0.044	0.043
2.820	-4.128	-0.000	2.113	-3.094	0.009	0.707	-1.034	-0.009
4.658	-1.817	0.000	4.114	-1.669	-0.069	0.544	-0.148	0.069
4.620	1.910	-0.000	3.476	1.428	0.032	1.144	0.482	-0.032
4.939	0.776	0.000	4.544	0.750	-0.048	0.396	0.027	0.048
4.954	0.673	-0.000	4.053	0.480	-0.066	0.901	0.193	0.066
4.992	-0.273	-0.000	4.261	-0.294	0.086	0.731	0.021	-0.086
4.571	2.028	0.000	3.524	1.514	-0.024	1.046	0.513	0.024
4.439	2.301	-0.000	3.699	2.032	-0.010	0.740	0.269	0.010
4.982	0.428	-0.000	4.486	0.355	-0.075	0.496	0.074	0.075
2.774	4.160	0.000	2.216	3.200	0.008	0.558	0.959	-0.008
4.736	1.602	0.000	4.022	1.282	0.067	0.714	0.321	-0.067
3.719	3.341	0.000	3.168	2.881	-0.100	0.552	0.459	0.100
4.779	1.469	-0.000	4.251	1.393	-0.030	0.528	0.076	0.030
4.684	1.751	0.000	4.267	1.652	0.037	0.417	0.099	-0.037
4.008	-2.989	0.000	3.511	-2.610	0.096	0.496	-0.380	-0.096
4.418	-2.342	-0.000	3.516	-1.925	-0.061	0.902	-0.418	0.061
4.778	-1.474	-0.000	4.316	-1.377	0.063	0.462	-0.097	-0.063
1.817	4.658	-0.000	1.349	3.651	-0.013	0.468	1.007	0.013
3.995	3.007	0.000	3.476	2.706	0.058	0.519	0.301	-0.058
2.518	4.320	0.000	1.899	3.379	0.014	0.619	0.941	-0.014
4.604	1.950	0.000	3.900	1.660	0.102	0.704	0.289	-0.102
1.369	4.808	0.000	1.035	3.906	-0.065	0.335	0.901	0.065
4.814	1.353	0.000	4.395	1.177	0.037	0.419	0.176	-0.037
4.816	1.346	0.000	4.241	1.175	0.088	0.575	0.171	-0.088
2.564	-4.293	0.000	2.203	-3.829	-0.058	0.361	-0.463	0.058
4.958	-0.642	-0.000	4.120	-0.530	-0.102	0.838	-0.111	0.102
3.733	-3.327	-0.000	3.064	-2.862	-0.024	0.669	-0.465	0.024
4.757	1.537	-0.000	3.924	1.214	-0.085	0.834	0.324	0.085
4.140	-2.802	0.000	3.680	-2.571	0.056	0.461	-0.231	-0.056
4.714	-1.664	-0.000	3.581	-1.328	0.011	1.133	-0.336	-0.011
4.911	-0.937	0.000	4.020	-0.729	-0.091	0.891	-0.207	0.091
4.453	2.275	-0.000	3.604	1.932	-0.044	0.849	0.343	0.044
3.334	3.727	-0.000	2.635	2.940	0.081	0.698	0.787	-0.081
4.771	1.494	-0.000	4.088	1.376	0.047	0.683	0.118	-0.047
4.867	1.144	-0.000	3.641	0.860	0.003	1.225	0.284	-0.003
4.558	2.055	-0.000	4.075	1.864	-0.082	0.483	0.191	0.082
4.292	-2.567	0.000	3.548	-2.070	-0.080	0.743	-0.497	0.080
4.462	-2.256	-0.000	3.722	-1.864	-0.095	0.740	-0.392	0.095
3.742	3.316	0.000	2.954	2.660	-0.079	0.788	0.656	0.079
4.476	-2.227	-0.000	3.343	-1.663	0.003	1.133	-0.565	-0.003
4.885	1.067	0.000	3.919	0.933	-0.045	0.967	0.133	0.045
3.567	-3.504	-0.000	2.916	-2.953	0.074	0.651	-0.551	-0.074
4.059	2.920	0.000	3.392	2.420	-0.097	0.667	0.500	0.097
4.479	-2.222	-0.000	3.743	-1.961	0.043	0.736	-0.261	-0.043
4.258	-2.621	-0.000	3.235	-2.040	0.036	1.023	-0.580	-0.036
4.961	-0.623	-0.000	4.110	-0.471	0.085	0.851	-0.153	-0.085
3.854	3.185	-0.000	3.082	2.666	0.020	0.772	0.520	-0.020
4.188	-2.730	0.000	3.319	-2.167	-0.086	0.870	-0.563	0.086
3.688	3.377	0.000	2.873	2.729	-0.021	0.815	0.648	0.021
3.826	3.219	-0.000	3.397	2.786	-0.073	0.429	0.433	0.073
2.788	4.151	0.000	2.217	3.469	0.020	0.572	0.682	-0.020
4.878	1.092	-0.000	4.306	0.932	0.093	0.572	0.160	-0.093
4.679	1.763	-0.000	4.230	1.658	0.037	0.450	0.106	-0.037
4.919	-0.891	-0.000	4.260	-0.785	-0.102	0.659	-0.106	0.102
4.817	1.338	-0.000	3.606	1.034	-0.007	1.210	0.304	0.007
4.970	0.536	-0.000	4.207	0.385	0.080	0.763	0.151	-0.080
4.599	-1.959	0.000	3.429	-1.463	-0.010	1.171	-0.495	0.010
4.996	0.213	0.000	4.254	0.225	0.084	0.742	-0.012	-0.084
4.998	0.119	0.000	3.745	0.073	0.009	1.253	0.046	-0.009
4.771	1.497	-0.000	4.060	1.365	-0.042	0.711	0.132	0.042
5.001	0.007	-0.000	3.892	0.002	-0.062	1.108	0.005	0.062
4.863	-1.164	-0.000	4.283	-0.992	0.086	0.580	-0.172	-0.086
4.897	-1.011	0.000	4.230	-0.962	0.041	0.667	-0.049	-0.041
3.895	-3.134	0.000	3.315	-2.538	0.029	0.580	-0.596	-0.029
3.947	-3.069	-0.000	3.304	-2.445	-0.028	0.643	-0.623	0.028
4.771	-1.496	0.000	4.301	-1.390	0.069	0.470	-0.107	-0.069
2.606	4.267	-0.000	2.017	3.358	-0.072	0.589	0.909	0.072
1.947	-4.606	0.000	1.578	-3.921	-0.065	0.369	-0.685	0.065
3.974	3.036	-0.000	3.234	2.524	-0.081	0.740	0.512	0.081
3.100	-3.923	0.000	2.452	-3.092	-0.079	0.648	-0.831	0.079
4.946	-0.736	-0.000	4.502	-0.718	0.048	0.444	-0.017	-0.048
1.935	-4.610	-0.000	1.590	-3.867	-0.101	0.345	-0.743	0.101
4.996	0.195	-0.000	4.468	0.258	-0.009	0.528	-0.063	0.009
4.756	1.541	-0.000	3.805	1.330	0.007	0.951	0.211	-0.007
3.049	-3.963	0.000	2.576	-3.500	0.033	0.473	-0.463	-0.033
4.533	-2.107	-0.000	3.405	-1.567	0.021	1.129	-0.540	-0.021
4.585	-1.993	-0.000	4.023	-1.844	0.040	0.561	-0.149	-0.040
4.993	-0.269	-0.000	4.123	-0.257	0.087	0.871	-0.012	-0.087
2.642	4.244	-0.000	2.070	3.506	0.018	0.572	0.739	-0.018
4.923	-0.872	-0.000	3.832	-0.736	-0.048	1.091	-0.137	0.048
4.143	2.798	-0.000	3.381	2.374	-0.074	0.761	0.424	0.074
5.000	-0.084	0.000	4.119	-0.002	-0.066	0.881	-0.083	0.066
2.377	-4.400	-0.000	1.994	-3.759	-0.089	0.383	-0.641	0.089
4.989	-0.344	-0.000	4.417	-0.349	-0.072	0.572	0.005	0.072
4.976	0.488	-0.000	4.495	0.359	0.001	0.481	0.128	-0.001
4.043	2.942	0.000	3.334	2.510	0.074	0.709	0.431	-0.074
4.708	1.685	0.000	3.812	1.413	-0.079	0.896	0.272	0.079
4.698	-1.711	-0.000	4.017	-1.418	0.095	0.681	-0.293	-0.095
4.849	1.218	-0.000	3.848	0.895	0.041	1.001	0.323	-0.041
4.688	1.737	0.000	4.168	1.635	0.017	0.520	0.102	-0.017
4.275	2.591	-0.000	3.194	1.932	0.016	1.081	0.659	-0.016
4.730	-1.623	0.000	3.878	-1.240	0.011	0.853	-0.384	-0.011
4.966	-0.589	0.000	4.465	-0.465	0.047	0.501	-0.124	-0.047
2.998	4.001	0.000	2.374	3.068	-0.032	0.624	0.933	0.032
2.132	4.522	-0.000	1.592	3.386	0.010	0.540	1.136	-0.010
2.655	-4.237	0.000	2.012	-3.202	0.021	0.643	-1.036	-0.021
4.691	-1.733	0.000	4.076	-1.407	0.018	0.614	-0.326	-0.018
4.994	-0.244	0.000	4.049	-0.131	0.063	0.946	-0.113	-0.063
4.400	2.376	-0.000	3.710	1.968	0.096	0.689	0.408	-0.096
4.557	-2.055	0.000	3.794	-1.821	-0.031	0.763	-0.234	0.031
4.783	1.460	-0.000	3.774	1.123	0.065	1.008	0.337	-0.065
4.751	-1.555	-0.000	3.675	-1.159	-0.058	1.076	-0.395	0.058
4.779	1.468	-0.000	3.580	1.088	-0.005	1.199	0.380	0.005
4.256	2.625	0.000	3.663	2.166	-0.059	0.593	0.459	0.059
2.602	-4.269	-0.000	1.934	-3.204	0.003	0.668	-1.065	-0.003
4.609	-1.937	-0.000	3.979	-1.634	0.098	0.629	-0.303	-0.098
4.872	-1.126	-0.000	4.302	-1.032	-0.079	0.570	-0.095	0.079
5.000	-0.029	-0.000	4.488	0.034	0.060	0.512	-0.063	-0.060
3.644	-3.423	-0.000	3.059	-2.743	0.031	0.585	-0.680	-0.031
4.183	2.740	-0.000	3.490	2.389	0.039	0.694	0.351	-0.039
2.295	-4.442	0.000	1.738	-3.332	0.016	0.557	-1.110	-0.016
4.938	0.784	0.000	4.481	0.779	0.029	0.457	0.005	-0.029
4.967	-0.574	-0.000	4.545	-0.465	0.030	0.422	-0.109	-0.030
4.955	-0.677	0.000	4.231	-0.640	0.074	0.724	-0.037	-0.074
2.895	-4.077	0.000	2.426	-3.498	-0.082	0.469	-0.580	0.082
2.318	-4.431	-0.000	1.967	-3.723	-0.093	0.351	-0.708	0.093
4.937	-0.791	-0.000	3.832	-0.550	0.017	1.105	-0.241	-0.017
4.538	-2.099	-0.000	3.545	-1.693	0.062	0.993	-0.406	-0.062
3.008	-3.994	0.000	2.420	-3.360	-0.038	0.588	-0.634	0.038
4.964	0.600	0.000	4.259	0.585	-0.065	0.705	0.015	0.065
2.392	4.390	0.000	1.837	3.310	0.013	0.556	1.081	-0.013
4.249	2.634	0.000	3.303	2.052	0.075	0.947	0.582	-0.075
4.160	2.773	0.000	3.679	2.375	0.072	0.481	0.398	-0.072
2.549	-4.301	0.000	1.913	-3.350	0.010	0.635	-0.952	-0.010
4.707	1.689	-0.000	3.765	1.374	-0.078	0.942	0.315	0.078
2.997	4.002	-0.000	2.403	3.094	-0.036	0.594	0.909	0.036
4.709	-1.682	0.000	3.945	-1.364	-0.087	0.764	-0.318	0.087
3.073	-3.945	-0.000	2.708	-3.494	-0.086	0.365	-0.451	0.086
4.250	2.634	-0.000	3.712	2.201	0.052	0.538	0.433	-0.052
4.943	0.746	0.000	4.442	0.640	0.081	0.502	0.106	-0.081
4.645	1.850	-0.000	3.645	1.538	-0.007	1.001	0.312	0.007
4.067	2.910	0.000	3.626	2.669	-0.049	0.441	0.241	0.049
4.949	0.716	0.000	4.412	0.555	-0.021	0.537	0.161	0.021
4.999	0.002	-0.000	3.995	0.081	-0.050	1.004	-0.079	0.050
5.000	-0.090	0.000	4.442	-0.011	0.054	0.557	-0.078	-0.054
4.862	-1.162	0.000	3.628	-0.884	-0.006	1.234	-0.279	0.006
3.297	3.758	0.000	2.531	2.984	0.047	0.766	0.774	-0.047
4.608	1.942	-0.000	3.705	1.574	0.087	0.903	0.368	-0.087
4.980	0.442	0.000	4.385	0.485	-0.009	0.595	-0.042	0.009
3.889	3.142	-0.000	3.493	2.894	-0.056	0.396	0.248	0.056
4.887	1.057	-0.000	4.433	1.017	-0.048	0.454	0.039	0.048
4.925	0.858	0.000	3.740	0.652	0.049	1.186	0.205	-0.049
3.194	-3.848	-0.000	2.554	-3.044	-0.074	0.641	-0.804	0.074
4.430	-2.317	-0.000	3.927	-2.103	0.079	0.503	-0.214	-0.079
3.104	-3.920	-0.000	2.346	-2.962	0.014	0.758	-0.958	-0.014
4.775	1.482	0.000	3.599	1.127	0.010	1.176	0.355	-0.010
2.378	-4.397	0.000	1.769	-3.285	0.011	0.609	-1.112	-0.011
4.564	2.040	0.000	3.558	1.542	-0.060	1.006	0.498	0.060
2.397	-4.387	-0.000	1.861	-3.339	-0.045	0.536	-1.048	0.045
2.225	4.478	-0.000	1.702	3.413	-0.046	0.522	1.065	0.046
4.534	-2.107	-0.000	4.038	-1.963	-0.039	0.496	-0.143	0.039
4.810	-1.366	-0.000	4.182	-1.284	0.021	0.628	-0.082	-0.021
3.644	3.424	-0.000	3.010	2.708	-0.035	0.634	0.716	0.035
4.937	-0.793	-0.000	3.970	-0.617	0.081	0.967	-0.175	-0.081
4.357	-2.451	-0.000	3.295	-1.898	0.028	1.062	-0.553	-0.028
3.514	-3.556	-0.000	2.663	-2.761	-0.027	0.851	-0.795	0.027
4.020	-2.972	-0.000	3.116	-2.242	-0.033	0.904	-0.730	0.033
2.239	-4.471	-0.000	1.894	-3.839	-0.098	0.345	-0.631	0.098
2.341	-4.419	-0.000	1.942	-3.763	-0.086	0.399	-0.656	0.086
3.992	3.010	0.000	2.997	2.291	0.007	0.996	0.719	-0.007
4.785	1.450	0.000	3.952	1.146	-0.088	0.832	0.304	0.088
4.075	-2.898	0.000	3.302	-2.460	0.034	0.773	-0.438	-0.034
4.614	-1.926	-0.000	3.536	-1.445	-0.031	1.078	-0.482	0.031
4.951	-0.702	0.000	4.056	-0.578	-0.093	0.895	-0.125	0.093
4.864	1.158	-0.000	4.083	1.076	-0.006	0.781	0.082	0.006
4.794	1.422	0.000	3.898	1.250	0.005	0.896	0.173	-0.005
2.253	-4.464	-0.000	1.790	-3.729	0.048	0.463	-0.735	-0.048
4.203	-2.709	0.000	3.174	-2.087	-0.019	1.029	-0.622	0.019
4.236	-2.657	-0.000	3.623	-2.189	-0.071	0.613	-0.468	0.071
2.111	4.532	0.000	1.641	3.745	0.037	0.470	0.787	-0.037
4.222	-2.677	0.000	3.748	-2.466	-0.046	0.473	-0.211	0.046
4.718	-1.656	0.000	4.100	-1.506	0.074	0.618	-0.150	-0.074
4.926	-0.860	-0.000	4.564	-0.755	-0.030	0.361	-0.105	0.030
4.700	1.707	0.000	4.082	1.384	0.028	0.618	0.323	-0.028
4.922	-0.879	-0.000	4.427	-0.871	0.000	0.495	-0.008	-0.000
4.885	1.070	0.000	4.530	1.027	0.013	0.356	0.043	-0.013
3.061	3.953	0.000	2.616	3.532	0.021	0.446	0.421	-0.021
4.999	-0.112	-0.000	3.960	-0.148	-0.060	1.038	0.036	0.060
4.909	0.955	0.000	4.170	0.769	-0.088	0.738	0.186	0.088
4.984	-0.399	-0.000	4.265	-0.331	-0.100	0.719	-0.068	0.100
3.092	3.930	0.000	2.376	3.047	-0.055	0.715	0.883	0.055
4.891	1.037	-0.000	4.246	1.000	-0.014	0.645	0.037	0.014
4.751	1.560	0.000	4.086	1.348	0.098	0.665	0.211	-0.098
4.852	1.207	0.000	4.043	0.906	-0.023	0.810	0.301	0.023
2.040	-4.565	0.000	1.631	-3.637	-0.086	0.409	-0.928	0.086
4.885	1.063	-0.000	3.871	0.852	-0.089	1.014	0.212	0.089
3.816	-3.231	0.000	3.249	-2.759	-0.096	0.568	-0.473	0.096
4.400	2.374	-0.000	3.448	1.799	-0.055	0.952	0.575	0.055
4.359	-2.449	0.000	3.398	-1.892	0.067	0.961	-0.557	-0.067
4.034	-2.953	0.000	3.565	-2.616	-0.095	0.468	-0.337	0.095
4.992	-0.287	0.000	4.310	-0.325	0.058	0.682	0.038	-0.058
4.959	-0.631	0.000	4.442	-0.534	0.084	0.518	-0.096	-0.084
4.995	-0.225	-0.000	4.111	-0.085	0.000	0.884	-0.140	-0.000
4.924	-0.867	-0.000	4.014	-0.744	-0.088	0.910	-0.123	0.088
4.415	2.346	0.000	3.402	1.791	0.061	1.013	0.555	-0.061
4.630	1.887	0.000	3.821	1.451	-0.026	0.809	0.436	0.026
4.744	1.580	0.000	4.093	1.404	-0.092	0.651	0.176	0.092
4.795	-1.417	-0.000	3.670	-1.044	0.024	1.125	-0.373	-0.024
2.877	4.089	-0.000	2.275	3.228	0.085	0.602	0.861	-0.085
4.720	-1.652	-0.000	4.330	-1.566	0.021	0.390	-0.085	-0.021
4.707	-1.689	-0.000	3.881	-1.338	0.076	0.826	-0.351	-0.076
4.493	-2.193	0.000	3.391	-1.677	-0.012	1.102	-0.516	0.012
2.541	-4.307	-0.000	1.907	-3.295	0.009	0.634	-1.012	-0.009
2.816	4.132	0.000	2.142	3.264	-0.008	0.674	0.868	0.008
4.102	2.857	-0.000	3.195	2.334	-0.006	0.907	0.523	0.006
4.545	2.085	0.000	3.485	1.551	0.010	1.060	0.533	-0.010
4.826	-1.308	-0.000	4.480	-1.226	-0.041	0.346	-0.082	0.041
4.122	2.831	-0.000	3.678	2.417	-0.001	0.444	0.414	0.001
4.216	2.688	0.000	3.556	2.200	-0.082	0.659	0.489	0.082
4.945	-0.744	-0.000	3.997	-0.658	0.068	0.948	-0.086	-0.068
4.271	2.600	0.000	3.429	2.107	-0.088	0.842	0.493	0.088
3.628	3.441	0.000	2.907	2.869	0.044	0.721	0.572	-0.044
3.902	-3.126	-0.000	3.278	-2.614	0.103	0.624	-0.512	-0.103
4.553	2.065	-0.000	3.974	1.865	0.075	0.580	0.200	-0.075
2.172	-4.503	-0.000	1.646	-3.371	-0.007	0.525	-1.132	0.007
3.634	-3.435	0.000	3.011	-2.969	-0.039	0.623	-0.466	0.039
3.367	-3.696	-0.000	2.957	-3.246	-0.095	0.410	-0.451	0.095
3.745	3.313	-0.000	3.162	2.919	-0.041	0.583	0.394	0.041
4.680	1.762	0.000	4.222	1.515	0.035	0.459	0.248	-0.035
4.249	-2.635	0.000	3.461	-2.261	-0.010	0.788	-0.374	0.010
4.560	-2.050	0.000	3.443	-1.520	0.012	1.117	-0.531	-0.012
4.018	-2.975	-0.000	3.132	-2.420	-0.016	0.887	-0.555	0.016
3.596	3.473	-0.000	2.700	2.679	0.012	0.896	0.794	-0.012
2.581	-4.282	0.000	1.960	-3.228	-0.002	0.621	-1.054	0.002
4.876	-1.102	0.000	3.683	-0.804	-0.024	1.194	-0.297	0.024
4.611	-1.934	-0.000	4.065	-1.631	0.066	0.545	-0.303	-0.066
4.996	0.190	-0.000	4.047	0.087	-0.063	0.949	0.104	0.063
3.288	-3.767	-0.000	2.533	-2.950	-0.059	0.755	-0.817	0.059
3.243	3.807	-0.000	2.567	3.101	-0.061	0.676	0.706	0.061
3.492	-3.578	0.000	2.821	-2.850	0.088	0.671	-0.727	-0.088
4.670	-1.786	0.000	4.297	-1.691	-0.031	0.373	-0.095	0.031
4.696	1.721	0.000	3.855	1.491	-0.053	0.841	0.230	0.053
3.243	-3.807	-0.000	2.586	-3.162	0.038	0.657	-0.645	-0.038
4.899	-1.002	-0.000	4.463	-0.844	0.016	0.437	-0.158	-0.016
4.331	-2.499	-0.000	3.271	-1.928	0.000	1.060	-0.571	-0.000
2.607	-4.266	-0.000	2.214	-3.801	-0.025	0.393	-0.465	0.025
3.267	3.785	0.000	2.486	2.981	0.005	0.781	0.805	-0.005
3.164	3.870	-0.000	2.428	3.096	-0.032	0.737	0.774	0.032
4.999	-0.107	-0.000	4.525	-0.124	0.072	0.474	0.018	-0.072
3.103	-3.922	0.000	2.456	-3.078	-0.065	0.647	-0.844	0.065
4.938	0.780	0.000	4.356	0.729	0.087	0.583	0.051	-0.087
4.942	0.758	-0.000	3.941	0.684	0.032	1.002	0.074	-0.032
4.539	2.098	-0.000	3.644	1.772	0.044	0.895	0.326	-0.044
4.816	-1.346	0.000	3.905	-1.189	0.004	0.911	-0.156	-0.004
4.920	0.889	0.000	4.080	0.749	0.098	0.841	0.140	-0.098
4.914	-0.925	-0.000	4.456	-0.815	0.072	0.458	-0.109	-0.072
4.586	1.992	-0.000	4.097	1.726	-0.075	0.489	0.266	0.075
3.419	3.647	-0.000	2.667	2.953	-0.048	0.753	0.694	0.048
4.551	-2.071	0.000	3.576	-1.672	0.069	0.975	-0.398	-0.069
4.383	-2.405	0.000	3.881	-2.122	-0.093	0.502	-0.282	0.093
4.351	2.464	-0.000	3.888	2.135	-0.071	0.463	0.329	0.071
4.835	1.275	0.000	3.886	0.984	-0.077	0.949	0.291	0.077
4.427	2.322	-0.000	3.521	1.793	0.072	0.906	0.529	-0.072
4.259	2.619	0.000	3.307	2.102	-0.058	0.951	0.517	0.058
1.404	-4.798	-0.000	1.067	-3.788	-0.075	0.337	-1.011	0.075
4.676	1.773	0.000	4.075	1.510	-0.088	0.601	0.264	0.088
2.247	-4.466	-0.000	1.745	-3.517	0.080	0.502	-0.949	-0.080
3.698	-3.364	0.000	2.964	-2.797	0.066	0.734	-0.567	-0.066
4.450	-2.279	0.000	3.602	-1.752	0.035	0.848	-0.527	-0.035
4.999	0.059	-0.000	4.301	0.070	0.100	0.699	-0.012	-0.100
4.985	-0.389	-0.000	4.078	-0.266	0.076	0.907	-0.123	-0.076
3.867	-3.170	0.000	2.927	-2.376	0.020	0.940	-0.793	-0.020
2.976	-4.017	-0.000	2.272	-3.157	0.056	0.703	-0.861	-0.056
4.810	1.365	-0.000	4.075	1.142	-0.100	0.735	0.223	0.100
4.811	1.363	-0.000	4.213	1.181	-0.095	0.597	0.182	0.095
4.561	2.047	0.000	3.957	1.869	-0.046	0.604	0.178	0.046
4.719	1.653	-0.000	4.270	1.539	-0.061	0.449	0.113	0.061
3.225	-3.820	0.000	2.758	-3.411	-0.034	0.467	-0.409	0.034
4.670	-1.786	-0.000	3.684	-1.446	0.076	0.986	-0.340	-0.076
4.969	-0.561	0.000	4.251	-0.411	0.070	0.718	-0.150	-0.070
4.999	0.072	0.000	4.008	0.148	-0.005	0.991	-0.076	0.005
3.524	3.546	-0.000	2.646	2.655	0.026	0.877	0.891	-0.026
3.426	3.642	-0.000	2.834	3.152	-0.034	0.592	0.489	0.034
1.948	-4.605	-0.000	1.463	-3.559	0.045	0.485	-1.046	-0.045
3.315	3.743	-0.000	2.652	3.081	0.074	0.663	0.662	-0.074
4.617	1.920	-0.000	3.981	1.582	-0.071	0.637	0.338	0.071
4.605	1.947	0.000	3.651	1.610	0.062	0.954	0.337	-0.062
4.884	-1.067	-0.000	4.458	-1.000	-0.065	0.427	-0.067	0.065
3.709	-3.353	0.000	3.081	-2.904	0.056	0.627	-0.449	-0.056
1.883	-4.632	0.000	1.466	-3.728	-0.077	0.417	-0.903	0.077
1.928	4.613	-0.000	1.446	3.481	0.028	0.482	1.132	-0.028
4.189	-2.729	-0.000	3.123	-2.051	0.004	1.066	-0.678	-0.004
4.680	-1.759	-0.000	4.128	-1.464	0.048	0.552	-0.295	-0.048
4.990	0.312	-0.000	3.755	0.231	0.017	1.235	0.081	-0.017
4.862	1.166	-0.000	4.501	1.126	-0.003	0.362	0.040	0.003
4.522	-2.135	0.000	3.445	-1.599	0.000	1.077	-0.537	-0.000
4.416	-2.345	0.000	3.880	-1.971	-0.052	0.537	-0.375	0.052
3.459	-3.612	-0.000	2.947	-3.089	0.094	0.512	-0.523	-0.094
1.733	4.689	0.000	1.296	3.731	0.044	0.437	0.958	-0.044
3.568	-3.504	0.000	2.958	-2.953	-0.091	0.610	-0.551	0.091
4.654	-1.830	-0.000	3.999	-1.470	0.014	0.655	-0.359	-0.014
3.928	-3.094	-0.000	3.309	-2.730	-0.024	0.619	-0.364	0.024
4.390	2.395	-0.000	3.965	2.080	-0.037	0.424	0.315	0.037
4.325	2.507	0.000	3.815	2.218	0.096	0.511	0.288	-0.096
3.580	-3.491	-0.000	2.908	-2.902	-0.081	0.672	-0.589	0.081
2.102	-4.537	0.000	1.591	-3.588	-0.023	0.512	-0.950	0.023
4.093	2.871	0.000	3.436	2.348	-0.088	0.657	0.523	0.088
3.964	-3.048	0.000	3.035	-2.398	-0.028	0.929	-0.650	0.028
3.126	-3.903	0.000	2.599	-3.347	-0.071	0.527	-0.556	0.071
2.642	-4.245	0.000	2.113	-3.541	-0.059	0.528	-0.704	0.059
4.397	-2.381	-0.000	3.379	-1.784	0.020	1.018	-0.596	-0.020
3.930	-3.091	0.000	3.070	-2.469	-0.067	0.860	-0.622	0.067
4.723	-1.642	0.000	3.774	-1.380	-0.052	0.949	-0.262	0.052
2.581	4.282	0.000	1.999	3.492	-0.004	0.582	0.790	0.004
4.939	-0.780	0.000	4.278	-0.578	0.013	0.661	-0.202	-0.013
4.989	-0.331	-0.000	3.818	-0.209	-0.019	1.171	-0.122	0.019
3.495	3.575	-0.000	2.778	2.902	0.083	0.717	0.673	-0.083
4.681	1.758	0.000	3.941	1.576	-0.039	0.740	0.182	0.039
4.993	-0.275	0.000	3.868	-0.228	-0.056	1.125	-0.047	0.056
3.946	-3.070	-0.000	3.094	-2.416	0.078	0.852	-0.654	-0.078
3.959	3.052	-0.000	3.289	2.432	0.061	0.670	0.620	-0.061
4.405	2.365	0.000	3.558	1.994	0.068	0.847	0.371	-0.068
4.940	-0.769	0.000	3.826	-0.660	-0.019	1.114	-0.109	0.019
4.945	-0.732	-0.000	4.067	-0.666	-0.083	0.878	-0.065	0.083
3.800	-3.249	-0.000	2.877	-2.444	-0.033	0.923	-0.804	0.033
4.139	2.803	0.000	3.477	2.479	-0.024	0.662	0.325	0.024
4.428	-2.325	-0.000	3.561	-1.926	-0.069	0.866	-0.399	0.069
4.991	0.291	0.000	3.759	0.226	0.013	1.233	0.066	-0.013
1.804	-4.662	-0.000	1.447	-3.964	-0.067	0.357	-0.698	0.067
2.629	-4.254	-0.000	2.251	-3.698	-0.088	0.377	-0.557	0.088
2.617	-4.260	0.000	2.248	-3.731	-0.090	0.370	-0.529	0.090
3.650	-3.418	0.000	3.087	-2.952	0.086	0.562	-0.467	-0.086
4.895	1.019	0.000	3.990	0.742	0.029	0.906	0.277	-0.029
4.311	2.534	-0.000	3.771	2.219	-0.093	0.540	0.315	0.093
4.035	-2.951	0.000	3.465	-2.644	0.047	0.570	-0.307	-0.047
2.126	4.525	-0.000	1.586	3.421	-0.008	0.540	1.104	0.008
4.758	-1.537	0.000	4.004	-1.263	-0.096	0.754	-0.274	0.096
4.958	0.649	0.000	4.191	0.451	0.018	0.766	0.198	-0.018
3.153	-3.881	0.000	2.483	-3.025	-0.065	0.670	-0.856	0.065
4.982	0.431	0.000	4.603	0.447	-0.006	0.378	-0.016	0.006
2.227	-4.476	0.000	1.684	-3.496	-0.048	0.544	-0.980	0.048
3.872	3.163	0.000	3.474	2.823	-0.088	0.397	0.339	0.088
4.678	-1.764	-0.000	4.271	-1.554	-0.054	0.407	-0.209	0.054
3.963	3.049	0.000	3.159	2.490	-0.074	0.804	0.559	0.074
4.844	-1.240	0.000	4.331	-1.192	-0.019	0.513	-0.048	0.019
4.991	0.285	0.000	4.002	0.138	0.024	0.989	0.147	-0.024
4.978	0.468	0.000	3.808	0.415	0.005	1.170	0.054	-0.005
2.578	4.283	-0.000	2.042	3.291	-0.056	0.537	0.992	0.056
4.771	1.497	0.000	4.047	1.226	-0.091	0.724	0.271	0.091
3.494	-3.576	-0.000	2.792	-2.871	0.091	0.702	-0.704	-0.091
4.916	-0.914	0.000	4.450	-0.837	-0.077	0.466	-0.077	0.077
4.647	1.845	0.000	3.655	1.530	-0.035	0.992	0.315	0.035
3.782	-3.269	0.000	3.128	-2.756	0.098	0.654	-0.513	-0.098
4.833	1.278	0.000	3.910	1.065	0.094	0.923	0.213	-0.094
4.788	1.439	-0.000	4.360	1.325	0.073	0.427	0.115	-0.073
4.984	-0.396	0.000	3.744	-0.303	0.021	1.239	-0.093	-0.021
4.750	1.559	0.000	3.918	1.313	0.097	0.833	0.246	-0.097
2.323	-4.427	-0.000	1.731	-3.301	-0.004	0.592	-1.125	0.004
4.854	1.201	0.000	3.986	0.978	-0.096	0.868	0.223	0.096
4.804	1.386	0.000	3.664	1.014	-0.015	1.140	0.373	0.015
4.997	-0.179	-0.000	4.019	-0.112	0.083	0.978	-0.067	-0.083
3.162	-3.873	0.000	2.675	-3.406	-0.051	0.487	-0.468	0.051
2.951	4.036	0.000	2.231	3.134	-0.039	0.720	0.901	0.039
3.975	-3.033	-0.000	3.395	-2.632	0.094	0.580	-0.401	-0.094
4.746	-1.571	-0.000	3.634	-1.257	0.047	1.112	-0.314	-0.047
2.794	4.147	-0.000	2.118	3.263	-0.012	0.676	0.884	0.012
3.886	3.146	-0.000	2.933	2.381	-0.021	0.953	0.765	0.021
4.359	-2.448	0.000	3.294	-1.823	0.005	1.065	-0.625	-0.005
4.794	1.419	-0.000	4.202	1.340	-0.011	0.592	0.079	0.011
4.992	0.286	-0.000	4.496	0.329	0.028	0.497	-0.043	-0.028
4.574	2.021	-0.000	3.995	1.665	0.030	0.579	0.355	-0.030
4.920	-0.893	0.000	4.409	-0.854	0.063	0.511	-0.039	-0.063
4.925	0.861	0.000	3.938	0.623	0.062	0.987	0.238	-0.062
4.631	-1.885	0.000	3.482	-1.431	0.005	1.149	-0.454	-0.005
3.693	-3.370	-0.000	3.046	-2.816	-0.099	0.648	-0.554	0.099
3.495	-3.576	-0.000	2.651	-2.708	-0.000	0.844	-0.868	0.000
3.668	3.398	0.000	3.175	3.069	-0.004	0.493	0.329	0.004
2.997	4.003	0.000	2.568	3.569	-0.035	0.429	0.434	0.035
4.905	0.968	0.000	3.845	0.834	-0.025	1.061	0.134	0.025
4.091	-2.875	-0.000	3.425	-2.529	0.003	0.666	-0.346	-0.003
4.925	0.865	0.000	4.011	0.646	-0.073	0.914	0.219	0.073
4.927	0.852	-0.000	4.295	0.824	0.049	0.632	0.028	-0.049
3.751	3.306	-0.000	2.942	2.655	0.066	0.809	0.651	-0.066
4.963	0.608	-0.000	3.974	0.416	0.049	0.989	0.192	-0.049
4.627	1.894	-0.000	3.972	1.725	-0.037	0.655	0.169	0.037
5.000	0.077	0.000	4.314	0.108	0.087	0.686	-0.031	-0.087
4.777	-1.475	0.000	3.742	-1.096	0.048	1.035	-0.379	-0.048
3.890	3.142	0.000	3.151	2.612	-0.077	0.739	0.530	0.077
4.873	1.117	0.000	4.293	0.941	-0.089	0.579	0.177	0.089
2.462	4.351	-0.000	1.845	3.245	-0.004	0.617	1.106	0.004
3.230	3.816	0.000	2.668	3.268	0.068	0.562	0.549	-0.068
1.987	4.587	0.000	1.502	3.433	-0.010	0.486	1.154	0.010
4.132	2.814	-0.000	3.176	2.257	0.010	0.957	0.557	-0.010
2.995	-4.004	0.000	2.593	-3.543	-0.081	0.402	-0.462	0.081
2.195	-4.493	-0.000	1.704	-3.562	-0.072	0.491	-0.931	0.072
4.510	2.159	-0.000	3.420	1.684	-0.011	1.089	0.475	0.011
3.868	3.168	0.000	2.954	2.500	-0.019	0.914	0.668	0.019
4.982	-0.424	-0.000	4.635	-0.432	0.014	0.347	0.008	-0.014
3.935	3.085	-0.000	3.416	2.781	0.037	0.520	0.305	-0.037
4.925	-0.860	-0.000	4.430	-0.688	-0.029	0.494	-0.172	0.029
4.309	-2.535	-0.000	3.431	-1.926	-0.017	0.878	-0.609	0.017
2.365	-4.405	0.000	1.789	-3.369	0.040	0.576	-1.036	-0.040
4.669	1.791	0.000	4.072	1.529	-0.090	0.596	0.261	0.090
3.726	3.334	-0.000	3.150	2.869	-0.096	0.576	0.464	0.096
3.857	-3.182	-0.000	2.958	-2.504	0.025	0.900	-0.679	-0.025
4.677	-1.769	-0.000	3.581	-1.372	-0.042	1.096	-0.397	0.042
4.905	0.969	-0.000	3.924	0.777	0.087	0.981	0.192	-0.087
4.190	-2.729	0.000	3.780	-2.461	-0.076	0.410	-0.268	0.076
3.507	3.563	0.000	2.736	2.711	0.033	0.771	0.853	-0.033
2.944	-4.043	-0.000	2.440	-3.251	0.062	0.504	-0.791	-0.062
4.976	0.493	-0.000	4.636	0.487	-0.018	0.340	0.005	0.018
4.748	-1.566	-0.000	4.076	-1.448	-0.030	0.672	-0.118	0.030
3.530	3.541	0.000	2.841	2.952	0.063	0.689	0.589	-0.063
2.035	-4.566	-0.000	1.553	-3.423	-0.021	0.482	-1.144	0.021
4.999	-0.038	0.000	4.020	0.026	-0.074	0.979	-0.064	0.074
4.445	-2.288	-0.000	3.755	-1.848	-0.067	0.690	-0.441	0.067
4.977	-0.485	0.000	4.144	-0.461	0.080	0.833	-0.024	-0.080
3.406	-3.661	0.000	2.635	-2.825	-0.053	0.771	-0.836	0.053
4.879	1.095	-0.000	3.954	0.968	-0.051	0.925	0.128	0.051
2.807	4.137	0.000	2.177	3.206	-0.070	0.630	0.931	0.070
4.934	-0.814	-0.000	4.564	-0.792	-0.027	0.370	-0.023	0.027
4.858	-1.183	0.000	3.870	-0.997	0.068	0.989	-0.186	-0.068
4.675	-1.775	0.000	3.978	-1.579	-0.071	0.698	-0.197	0.071
3.315	3.745	0.000	2.658	3.073	-0.073	0.657	0.671	0.073
3.043	3.966	0.000	2.350	3.175	-0.055	0.693	0.791	0.055
3.702	-3.360	0.000	3.096	-2.675	-0.019	0.606	-0.685	0.019
5.000	-0.026	-0.000	4.163	-0.105	-0.057	0.836	0.079	0.057
3.934	3.086	0.000	3.416	2.721	0.089	0.518	0.366	-0.089
4.941	0.766	-0.000	4.042	0.727	-0.011	0.898	0.039	0.011
4.740	1.590	0.000	4.006	1.395	-0.087	0.734	0.195	0.087
4.873	1.118	-0.000	4.380	0.938	0.055	0.494	0.179	-0.055
1.867	4.638	-0.000	1.382	3.495	0.007	0.486	1.143	-0.007
2.942	4.043	0.000	2.259	3.097	0.049	0.683	0.946	-0.049
4.807	1.374	0.000	3.981	1.041	0.028	0.827	0.334	-0.028
3.947	3.068	-0.000	3.393	2.509	0.031	0.554	0.559	-0.031
4.807	-1.376	0.000	4.062	-1.254	0.050	0.745	-0.122	-0.050
4.749	1.562	0.000	3.960	1.211	-0.053	0.790	0.351	0.053
4.999	0.022	-0.000	3.944	0.097	-0.037	1.055	-0.075	0.037
4.849	-1.220	0.000	4.464	-1.163	0.040	0.385	-0.057	-0.040
2.714	-4.199	0.000	2.261	-3.675	-0.032	0.453	-0.524	0.032
4.435	-2.309	0.000	3.883	-2.123	-0.008	0.553	-0.185	0.008
4.772	-1.491	0.000	4.231	-1.395	-0.053	0.541	-0.097	0.053
4.933	0.815	0.000	4.162	0.592	0.034	0.771	0.223	-0.034
4.998	0.151	0.000	4.606	0.081	0.002	0.392	0.070	-0.002
4.756	-1.543	-0.000	3.806	-1.201	-0.084	0.950	-0.342	0.084
4.712	1.675	-0.000	3.713	1.350	0.066	0.998	0.325	-0.066
4.997	-0.151	-0.000	4.196	-0.204	-0.072	0.801	0.053	0.072
4.894	-1.022	0.000	4.202	-0.844	0.094	0.692	-0.178	-0.094
4.172	2.755	0.000	3.337	2.107	0.026	0.835	0.648	-0.026
4.857	-1.184	0.000	4.245	-0.969	-0.074	0.612	-0.215	0.074
4.991	-0.303	-0.000	4.512	-0.243	0.073	0.478	-0.060	-0.073
4.986	0.372	0.000	3.896	0.243	0.058	1.090	0.129	-0.058
2.858	-4.102	0.000	2.189	-3.129	-0.052	0.669	-0.973	0.052
3.771	3.281	-0.000	3.423	3.007	-0.073	0.349	0.274	0.073
1.974	-4.594	0.000	1.528	-3.759	0.047	0.446	-0.835	-0.047
4.856	1.191	0.000	3.873	0.920	0.074	0.984	0.271	-0.074
4.803	-1.389	0.000	3.658	-1.071	-0.042	1.145	-0.318	0.042
4.990	0.324	0.000	3.767	0.242	0.002	1.223	0.082	-0.002
3.646	3.421	0.000	2.785	2.594	-0.038	0.861	0.827	0.038
4.745	-1.576	0.000	3.849	-1.197	0.048	0.896	-0.379	-0.048
4.536	2.103	-0.000	3.989	1.933	0.048	0.548	0.170	-0.048
4.832	1.285	0.000	3.823	1.108	0.015	1.008	0.177	-0.015
3.637	-3.430	0.000	2.942	-2.674	0.057	0.695	-0.755	-0.057
4.989	-0.339	0.000	4.040	-0.359	-0.033	0.949	0.019	0.033
4.946	0.730	0.000	4.088	0.553	-0.088	0.858	0.178	0.088
4.300	-2.552	0.000	3.557	-2.219	-0.023	0.744	-0.333	0.023
5.000	0.016	-0.000	4.212	0.114	-0.004	0.788	-0.098	0.004
4.863	-1.166	-0.000	4.456	-1.045	-0.057	0.407	-0.121	0.057
4.766	1.512	-0.000	4.259	1.388	0.076	0.507	0.125	-0.076
3.357	3.705	0.000	2.788	2.937	0.002	0.569	0.768	-0.002
4.987	0.356	-0.000	3.849	0.276	0.064	1.138	0.080	-0.064
4.844	-1.240	-0.000	4.193	-1.165	-0.032	0.652	-0.076	0.032
4.558	-2.057	-0.000	4.136	-1.798	-0.043	0.422	-0.259	0.043
4.991	-0.309	-0.000	4.020	-0.255	0.088	0.971	-0.054	-0.088
3.887	3.146	-0.000	3.192	2.634	0.083	0.695	0.511	-0.083
3.149	-3.884	0.000	2.453	-2.969	0.044	0.696	-0.915	-0.044
3.240	3.808	-0.000	2.600	2.988	-0.071	0.640	0.820	0.071
3.658	-3.409	-0.000	3.091	-3.012	0.021	0.567	-0.397	-0.021
3.661	3.405	0.000	2.954	2.877	0.019	0.708	0.528	-0.019
2.765	-4.165	0.000	2.069	-3.164	0.027	0.696	-1.001	-0.027
4.623	1.906	0.000	4.133	1.785	-0.022	0.490	0.121	0.022
3.543	-3.528	-0.000	2.828	-2.751	-0.068	0.715	-0.777	0.068
4.450	-2.280	0.000	3.698	-1.893	-0.102	0.752	-0.387	0.102
3.951	3.065	-0.000	3.112	2.477	0.070	0.839	0.588	-0.070
2.786	-4.151	-0.000	2.189	-3.151	0.018	0.596	-1.000	-0.018
2.527	4.314	0.000	2.008	3.402	0.081	0.519	0.912	-0.081
4.760	1.530	0.000	4.017	1.257	0.098	0.743	0.273	-0.098
4.059	-2.918	0.000	3.559	-2.503	0.090	0.500	-0.416	-0.090
4.985	0.380	-0.000	3.716	0.288	-0.002	1.268	0.092	0.002
4.533	2.111	0.000	3.566	1.725	0.057	0.967	0.386	-0.057
4.995	-0.222	-0.000	4.258	-0.088	-0.006	0.737	-0.134	0.006
4.852	-1.204	-0.000	4.287	-1.083	0.094	0.565	-0.121	-0.094
4.776	-1.479	-0.000	3.683	-1.167	0.058	1.093	-0.312	-0.058
4.993	-0.252	-0.000	4.596	-0.258	-0.057	0.397	0.006	0.057
4.975	0.503	0.000	4.502	0.492	-0.067	0.473	0.011	0.067
5.000	-0.062	-0.000	3.789	-0.013	0.000	1.210	-0.048	-0.000
4.036	2.952	-0.000	3.202	2.265	0.037	0.834	0.687	-0.037
4.830	1.293	0.000	4.342	1.176	-0.081	0.488	0.117	0.081
4.952	0.698	0.000	3.999	0.524	-0.077	0.953	0.174	0.077
4.598	-1.964	-0.000	3.455	-1.461	0.018	1.142	-0.502	-0.018
3.812	-3.235	0.000	2.900	-2.459	0.044	0.912	-0.776	-0.044
4.982	-0.415	0.000	3.739	-0.293	0.004	1.244	-0.122	-0.004
3.734	3.326	0.000	3.260	2.798	-0.052	0.475	0.528	0.052
4.999	0.054	0.000	4.323	-0.005	-0.090	0.676	0.059	0.090
4.996	0.212	0.000	4.542	0.170	-0.070	0.454	0.042	0.070
4.664	-1.798	-0.000	3.856	-1.492	-0.104	0.808	-0.306	0.104
3.638	3.431	0.000	2.876	2.749	-0.069	0.762	0.682	0.069
4.644	-1.854	0.000	4.019	-1.601	0.096	0.625	-0.253	-0.096
3.800	3.249	-0.000	3.306	2.897	0.082	0.494	0.352	-0.082
2.512	-4.323	0.000	1.887	-3.251	-0.014	0.625	-1.072	0.014
4.345	-2.475	-0.000	3.488	-1.901	-0.025	0.858	-0.574	0.025
4.034	2.954	0.000	3.190	2.441	0.021	0.844	0.513	-0.021
4.600	1.961	-0.000	3.767	1.504	-0.007	0.833	0.456	0.007
4.990	-0.313	0.000	3.879	-0.174	0.003	1.111	-0.139	-0.003
4.972	-0.537	-0.000	4.511	-0.550	0.030	0.460	0.014	-0.030
4.613	1.927	0.000	3.638	1.531	-0.085	0.975	0.396	0.085
3.273	3.780	0.000	2.720	3.250	0.070	0.553	0.530	-0.070
4.997	-0.154	-0.000	4.050	-0.221	-0.004	0.947	0.067	0.004
3.881	3.154	0.000	3.056	2.514	0.068	0.825	0.641	-0.068
2.826	4.125	-0.000	2.135	3.119	-0.021	0.691	1.005	0.021
4.885	1.062	-0.000	4.317	0.844	-0.026	0.568	0.218	0.026
4.992	0.263	-0.000	3.730	0.185	-0.004	1.262	0.079	0.004
4.746	1.574	0.000	4.186	1.290	-0.015	0.560	0.284	0.015
4.412	-2.352	-0.000	3.355	-1.837	-0.022	1.057	-0.515	0.022
2.906	-4.068	-0.000	2.348	-3.426	0.064	0.558	-0.641	-0.064
4.793	-1.426	-0.000	3.915	-1.217	0.080	0.877	-0.208	-0.080
4.926	0.853	-0.000	4.484	0.700	0.015	0.442	0.153	-0.015
3.663	-3.403	-0.000	3.000	-2.698	0.069	0.663	-0.705	-0.069
4.958	-0.652	0.000	4.215	-0.638	-0.048	0.743	-0.014	0.048
4.989	-0.329	-0.000	4.456	-0.332	0.077	0.533	0.003	-0.077
4.804	1.385	-0.000	4.224	1.244	-0.090	0.581	0.141	0.090
4.881	-1.081	-0.000	4.058	-0.982	-0.069	0.822	-0.099	0.069
2.859	-4.101	-0.000	2.142	-3.173	0.001	0.717	-0.928	-0.001
3.391	3.675	-0.000	2.820	2.920	-0.016	0.571	0.755	0.016
3.618	-3.450	-0.000	2.705	-2.594	-0.001	0.913	-0.856	0.001
2.919	-4.059	0.000	2.364	-3.312	0.099	0.554	-0.747	-0.099
4.591	-1.980	-0.000	3.574	-1.616	0.037	1.017	-0.365	-0.037
4.586	1.991	-0.000	3.431	1.487	0.001	1.154	0.504	-0.001
4.995	-0.217	-0.000	3.875	-0.162	0.068	1.120	-0.056	-0.068
4.985	0.384	0.000	4.067	0.250	-0.071	0.918	0.134	0.071
5.000	0.083	-0.000	3.792	0.084	0.009	1.208	-0.000	-0.009
4.785	1.448	0.000	3.864	1.219	-0.085	0.921	0.229	0.085
4.647	-1.847	-0.000	3.973	-1.619	-0.089	0.674	-0.228	0.089
4.971	0.533	0.000	3.895	0.495	0.031	1.076	0.038	-0.031
2.808	4.137	0.000	2.221	3.442	0.002	0.587	0.695	-0.002
4.567	2.035	0.000	3.614	1.708	-0.016	0.953	0.327	0.016
4.669	1.787	0.000	3.804	1.434	0.097	0.865	0.352	-0.097
4.551	2.069	0.000	3.575	1.648	-0.082	0.976	0.421	0.082
4.004	2.994	0.000	3.025	2.247	-0.033	0.978	0.747	0.033
4.542	2.092	-0.000	3.961	1.741	-0.057	0.581	0.351	0.057
3.514	-3.556	0.000	3.000	-3.036	-0.104	0.514	-0.521	0.104
3.247	-3.802	0.000	2.750	-3.287	-0.093	0.496	-0.515	0.093
4.566	-2.038	-0.000	4.055	-1.837	0.084	0.511	-0.201	-0.084
3.406	-3.661	0.000	2.753	-3.092	-0.037	0.653	-0.569	0.037
3.629	-3.440	-0.000	3.094	-2.799	0.018	0.535	-0.641	-0.018
4.986	-0.366	0.000	3.762	-0.321	0.003	1.224	-0.044	-0.003
4.078	-2.892	0.000	3.059	-2.167	0.024	1.019	-0.725	-0.024
3.135	3.895	0.000	2.701	3.363	-0.102	0.433	0.532	0.102
4.951	0.690	0.000	4.353	0.530	-0.064	0.598	0.160	0.064
3.264	-3.788	0.000	2.607	-3.165	-0.028	0.656	-0.623	0.028
3.147	3.885	-0.000	2.428	3.112	-0.038	0.719	0.773	0.038
4.957	0.647	0.000	4.398	0.612	0.086	0.560	0.035	-0.086
4.734	-1.607	0.000	4.262	-1.500	-0.062	0.473	-0.107	0.062
2.729	4.190	-0.000	2.064	3.166	-0.021	0.665	1.023	0.021
4.638	1.869	-0.000	4.008	1.520	-0.037	0.630	0.349	0.037
4.164	-2.767	0.000	3.649	-2.311	0.036	0.515	-0.456	-0.036
4.770	-1.500	-0.000	4.125	-1.386	0.049	0.645	-0.114	-0.049
1.664	4.715	0.000	1.311	3.788	-0.083	0.353	0.927	0.083
2.211	4.485	0.000	1.695	3.583	-0.047	0.516	0.902	0.047
4.721	1.647	0.000	4.313	1.521	-0.066	0.408	0.126	0.066
4.999	0.127	0.000	4.338	0.038	0.059	0.661	0.089	-0.059
4.389	2.393	0.000	3.705	1.906	-0.024	0.684	0.488	0.024
4.809	-1.367	0.000	3.716	-1.038	-0.058	1.093	-0.329	0.058
1.876	4.635	0.000	1.391	3.535	0.007	0.485	1.099	-0.007
3.441	-3.628	0.000	2.941	-3.045	-0.090	0.500	-0.583	0.090
4.281	2.583	0.000	3.326	2.035	0.066	0.955	0.548	-0.066
3.347	-3.715	0.000	2.772	-2.944	-0.001	0.574	-0.771	0.001
4.602	-1.956	-0.000	4.042	-1.737	-0.087	0.561	-0.219	0.087
3.674	3.393	-0.000	3.023	2.899	-0.050	0.651	0.494	0.050
3.999	3.002	-0.000	3.198	2.324	0.049	0.801	0.678	-0.049
4.631	1.882	-0.000	4.057	1.746	-0.033	0.574	0.136	0.033
4.841	1.251	0.000	4.317	1.071	0.077	0.525	0.180	-0.077
5.000	-0.092	0.000	4.242	-0.172	-0.024	0.758	0.080	0.024
4.468	-2.245	0.000	3.442	-1.768	-0.048	1.026	-0.477	0.048
4.999	0.049	-0.000	4.383	-0.047	-0.040	0.616	0.096	0.040
3.365	3.698	-0.000	2.846	3.206	0.087	0.519	0.492	-0.087
2.717	4.197	-0.000	2.091	3.206	0.047	0.626	0.991	-0.047
4.799	-1.403	-0.000	3.735	-1.063	-0.056	1.064	-0.340	0.056
4.972	0.532	-0.000	3.922	0.376	-0.063	1.049	0.156	0.063
4.999	-0.079	0.000	4.202	-0.162	0.031	0.797	0.083	-0.031
4.056	2.924	-0.000	3.516	2.410	-0.001	0.540	0.514	0.001
4.697	-1.714	0.000	3.630	-1.399	-0.014	1.067	-0.315	0.014
4.988	0.342	-0.000	4.163	0.346	0.080	0.826	-0.004	-0.080
4.892	1.035	-0.000	4.047	0.840	0.092	0.845	0.196	-0.092
4.803	1.389	0.000	4.438	1.337	-0.006	0.364	0.052	0.006
4.998	-0.136	-0.000	4.175	-0.202	0.044	0.823	0.066	-0.044
4.999	0.116	-0.000	3.895	0.112	0.063	1.103	0.004	-0.063
4.279	-2.584	0.000	3.203	-1.918	0.011	1.076	-0.666	-0.011
4.840	-1.254	-0.000	3.859	-1.091	-0.017	0.981	-0.163	0.017
3.562	-3.509	0.000	2.956	-3.053	-0.005	0.606	-0.456	0.005
4.194	2.721	-0.000	3.291	2.099	0.070	0.903	0.622	-0.070
4.829	1.296	-0.000	3.742	1.046	-0.055	1.087	0.251	0.055
4.999	-0.079	0.000	3.793	-0.091	0.000	1.206	0.012	-0.000
4.685	1.745	0.000	4.209	1.508	0.068	0.476	0.237	-0.068
3.657	3.410	-0.000	2.754	2.609	0.032	0.903	0.800	-0.032
3.866	-3.171	-0.000	3.276	-2.750	0.084	0.591	-0.420	-0.084
4.082	-2.887	0.000	3.222	-2.303	0.079	0.860	-0.585	-0.079
4.760	1.528	-0.000	4.252	1.330	-0.086	0.507	0.197	0.086
4.935	-0.796	0.000	4.166	-0.580	-0.055	0.769	-0.216	0.055
2.931	-4.051	-0.000	2.507	-3.459	-0.103	0.424	-0.592	0.103
2.495	4.333	0.000	2.037	3.393	-0.041	0.458	0.940	0.041
2.995	4.004	-0.000	2.258	3.029	-0.011	0.737	0.975	0.011
4.125	-2.826	0.000	3.407	-2.426	-0.068	0.718	-0.399	0.068
1.954	4.602	-0.000	1.464	3.469	0.007	0.491	1.133	-0.007
4.404	2.366	-0.000	3.422	1.871	-0.068	0.982	0.496	0.068
4.878	1.103	0.000	4.351	1.059	-0.035	0.527	0.044	0.035
3.555	-3.516	0.000	3.085	-3.130	0.074	0.470	-0.385	-0.074
4.935	0.798	-0.000	3.901	0.701	-0.054	1.034	0.097	0.054
4.856	-1.187	0.000	3.836	-1.014	-0.050	1.021	-0.173	0.050
4.978	-0.461	-0.000	3.920	-0.368	-0.082	1.058	-0.093	0.082
3.208	-3.835	-0.000	2.690	-3.296	0.085	0.518	-0.540	-0.085
4.753	1.551	-0.000	3.643	1.157	0.048	1.110	0.394	-0.048
3.464	-3.606	-0.000	2.897	-2.975	-0.095	0.566	-0.631	0.095
4.164	-2.769	-0.000	3.711	-2.542	0.052	0.452	-0.227	-0.052
4.895	1.023	0.000	3.928	0.783	-0.073	0.967	0.241	0.073
4.999	0.085	0.000	3.872	0.009	-0.031	1.127	0.077	0.031
3.583	3.487	0.000	2.862	2.920	0.020	0.721	0.567	-0.020
4.948	0.715	-0.000	4.024	0.504	-0.059	0.924	0.211	0.059
4.775	-1.481	0.000	4.172	-1.372	0.065	0.603	-0.109	-0.065
4.754	1.550	0.000	3.711	1.243	0.067	1.043	0.307	-0.067
3.073	-3.944	0.000	2.326	-2.964	0.005	0.747	-0.980	-0.005
4.959	-0.635	0.000	4.555	-0.612	0.054	0.404	-0.023	-0.054
4.986	-0.376	-0.000	4.020	-0.261	-0.080	0.966	-0.115	0.080
4.871	-1.129	0.000	4.161	-0.944	-0.095	0.710	-0.185	0.095
3.965	3.045	0.000	3.040	2.286	-0.041	0.924	0.759	0.041
4.989	0.316	0.000	3.747	0.211	-0.002	1.242	0.105	0.002
2.580	4.282	0.000	2.008	3.271	-0.053	0.572	1.011	0.053
4.851	1.209	0.000	4.302	0.982	0.040	0.549	0.227	-0.040
3.198	-3.843	0.000	2.563	-3.225	-0.034	0.635	-0.619	0.034
3.677	3.388	-0.000	3.106	2.982	-0.050	0.571	0.406	0.050
3.936	-3.082	-0.000	2.967	-2.355	0.035	0.969	-0.728	-0.035
4.999	0.083	0.000	4.404	-0.012	0.040	0.595	0.095	-0.040
3.581	3.488	0.000	2.668	2.638	0.008	0.913	0.851	-0.008
4.861	1.170	-0.000	3.814	0.999	-0.026	1.047	0.171	0.026
4.414	-2.348	-0.000	3.537	-1.991	-0.020	0.877	-0.358	0.020
4.999	-0.049	-0.000	4.177	-0.143	-0.001	0.822	0.094	0.001
5.000	0.011	-0.000	4.473	-0.013	0.081	0.527	0.024	-0.081
4.985	-0.374	-0.000	4.110	-0.384	-0.070	0.875	0.011	0.070
4.848	1.224	-0.000	3.960	1.003	-0.095	0.888	0.221	0.095
4.431	-2.316	0.000	3.526	-1.946	0.022	0.905	-0.370	-0.022
3.227	3.818	-0.000	2.867	3.402	-0.093	0.360	0.416	0.093
3.336	-3.724	0.000	2.669	-3.060	0.079	0.667	-0.664	-0.079
4.750	1.561	0.000	3.896	1.385	-0.006	0.854	0.177	0.006
2.782	4.155	-0.000	2.243	3.332	-0.087	0.539	0.823	0.087
5.000	-0.073	0.000	4.382	0.007	-0.054	0.618	-0.080	0.054
3.942	3.075	0.000	3.156	2.382	0.050	0.787	0.693	-0.050
2.125	-4.525	0.000	1.657	-3.761	-0.027	0.469	-0.764	0.027
4.732	-1.613	-0.000	3.952	-1.435	0.065	0.780	-0.177	-0.065
3.455	3.613	-0.000	2.575	2.702	-0.007	0.880	0.911	0.007
4.848	1.223	0.000	4.484	1.183	0.005	0.363	0.040	-0.005
3.710	3.352	-0.000	2.826	2.561	-0.044	0.884	0.791	0.044
4.878	1.097	0.000	3.952	0.811	-0.047	0.927	0.286	0.047
3.989	3.016	-0.000	3.076	2.353	-0.053	0.913	0.663	0.053
4.429	-2.321	-0.000	3.725	-1.916	0.095	0.704	-0.405	-0.095
4.962	-0.612	0.000	3.901	-0.523	0.066	1.061	-0.089	-0.066
4.843	1.244	0.000	4.050	1.016	0.098	0.792	0.228	-0.098
4.993	0.254	-0.000	3.986	0.294	0.018	1.007	-0.040	-0.018
4.301	-2.548	-0.000	3.359	-2.061	0.056	0.942	-0.487	-0.056
4.930	0.835	-0.000	3.754	0.674	-0.020	1.176	0.161	0.020
4.058	2.922	0.000	3.568	2.459	0.040	0.489	0.463	-0.040
3.377	-3.687	-0.000	2.808	-3.177	0.065	0.570	-0.510	-0.065
2.642	4.245	-0.000	2.039	3.346	0.068	0.603	0.899	-0.068
4.994	-0.231	-0.000	3.991	-0.265	-0.037	1.004	0.035	0.037
4.152	2.786	0.000	3.378	2.384	-0.012	0.774	0.403	0.012
3.352	-3.709	0.000	2.702	-3.125	-0.049	0.651	-0.584	0.049
4.948	0.715	0.000	4.135	0.503	0.043	0.813	0.212	-0.043
4.998	-0.128	-0.000	4.174	-0.085	0.098	0.824	-0.044	-0.098
4.615	1.925	0.000	3.522	1.509	0.028	1.093	0.415	-0.028
4.592	-1.979	-0.000	3.713	-1.622	-0.085	0.879	-0.356	0.085
4.621	1.910	0.000	4.108	1.702	0.089	0.513	0.207	-0.089
4.817	1.339	0.000	3.994	1.009	-0.017	0.824	0.330	0.017
4.630	1.886	-0.000	4.183	1.775	0.037	0.447	0.111	-0.037
4.591	-1.982	0.000	3.904	-1.615	-0.074	0.687	-0.367	0.074
4.297	2.557	-0.000	3.679	2.299	-0.011	0.618	0.259	0.011
4.772	-1.493	-0.000	4.261	-1.386	-0.068	0.511	-0.107	0.068
4.972	-0.518	-0.000	3.725	-0.402	-0.012	1.247	-0.116	0.012
4.333	2.494	-0.000	3.679	2.121	-0.100	0.655	0.373	0.100
3.821	-3.225	-0.000	2.973	-2.580	0.057	0.848	-0.645	-0.057
3.038	3.972	-0.000	2.447	3.100	-0.047	0.591	0.872	0.047
4.872	1.122	-0.000	3.992	1.025	-0.001	0.879	0.097	0.001
4.926	-0.857	0.000	3.787	-0.660	-0.062	1.139	-0.197	0.062
4.862	-1.163	-0.000	3.636	-0.863	0.013	1.226	-0.300	-0.013
2.681	4.220	0.000	2.236	3.346	-0.026	0.444	0.874	0.026
4.890	-1.042	0.000	3.728	-0.756	0.013	1.162	-0.286	-0.013
4.685	1.746	0.000	3.635	1.369	0.068	1.050	0.378	-0.068
4.103	-2.858	-0.000	3.183	-2.162	-0.032	0.920	-0.696	0.032
2.393	4.391	-0.000	1.857	3.392	-0.055	0.537	0.998	0.055
4.992	-0.282	0.000	4.371	-0.238	0.096	0.621	-0.044	-0.096
4.992	-0.284	-0.000	4.320	-0.326	0.057	0.672	0.041	-0.057
4.890	-1.038	0.000	4.470	-0.961	-0.070	0.420	-0.078	0.070
4.800	1.399	-0.000	3.887	1.076	-0.076	0.913	0.323	0.076
4.482	2.216	0.000	3.724	1.809	-0.095	0.758	0.407	0.095
3.809	-3.240	0.000	3.194	-2.634	-0.074	0.614	-0.605	0.074
2.748	4.177	-0.000	2.181	3.480	0.041	0.567	0.697	-0.041
3.248	3.802	-0.000	2.722	3.333	-0.018	0.526	0.468	0.018
4.744	-1.578	-0.000	4.218	-1.353	-0.079	0.526	-0.225	0.079
3.892	-3.139	0.000	3.144	-2.432	-0.026	0.747	-0.707	0.026
4.885	-1.068	-0.000	3.722	-0.824	0.042	1.163	-0.244	-0.042
4.279	2.588	-0.000	3.326	1.990	0.059	0.953	0.598	-0.059
4.859	1.181	0.000	4.479	1.129	-0.026	0.381	0.052	0.026
4.613	-1.926	-0.000	3.573	-1.422	-0.018	1.041	-0.504	0.018
2.583	4.280	0.000	2.141	3.677	-0.079	0.443	0.603	0.079
3.082	3.937	0.000	2.664	3.520	-0.057	0.418	0.417	0.057
4.966	0.586	0.000	4.074	0.571	-0.019	0.892	0.014	0.019
4.389	-2.395	-0.000	3.682	-1.963	0.092	0.707	-0.432	-0.092
3.949	-3.068	-0.000	3.268	-2.461	-0.072	0.680	-0.607	0.072
3.600	-3.470	0.000	2.991	-2.851	-0.097	0.609	-0.619	0.097
4.916	-0.915	-0.000	4.424	-0.744	-0.025	0.492	-0.171	0.025
4.727	1.628	-0.000	3.756	1.209	0.018	0.971	0.419	-0.018
3.712	3.349	0.000	2.795	2.535	0.014	0.917	0.814	-0.014
4.932	0.824	-0.000	4.054	0.607	0.061	0.879	0.216	-0.061
4.909	0.953	-0.000	3.798	0.690	0.028	1.111	0.263	-0.028
2.833	4.120	-0.000	2.172	3.272	-0.039	0.661	0.848	0.039
3.061	3.954	-0.000	2.483	3.364	0.030	0.578	0.590	-0.030
3.867	-3.170	-0.000	3.186	-2.571	0.091	0.681	-0.599	-0.091
3.215	-3.828	0.000	2.414	-2.853	0.017	0.800	-0.976	-0.017
3.271	-3.781	-0.000	2.491	-2.952	0.048	0.780	-0.830	-0.048
4.900	0.992	0.000	3.691	0.752	-0.014	1.210	0.240	0.014
4.373	-2.422	0.000	3.465	-1.837	-0.044	0.908	-0.585	0.044
3.971	-3.036	0.000	3.090	-2.447	-0.055	0.882	-0.589	0.055
5.000	-0.041	-0.000	4.022	-0.018	-0.089	0.977	-0.023	0.089
4.036	-2.950	0.000	3.091	-2.328	0.044	0.945	-0.622	-0.044
2.454	-4.357	0.000	1.943	-3.370	0.038	0.511	-0.988	-0.038
4.709	1.681	0.000	4.113	1.455	-0.093	0.597	0.226	0.093
4.659	-1.814	0.000	3.651	-1.381	0.065	1.008	-0.433	-0.065
1.959	-4.600	-0.000	1.502	-3.728	0.047	0.457	-0.872	-0.047
4.945	0.739	0.000	4.357	0.713	0.066	0.588	0.026	-0.066
1.654	-4.718	0.000	1.225	-3.576	0.007	0.430	-1.142	-0.007
4.638	1.869	0.000	3.979	1.526	0.066	0.659	0.343	-0.066
3.159	-3.875	-0.000	2.493	-2.958	0.013	0.667	-0.917	-0.013
4.259	-2.618	0.000	3.831	-2.433	-0.042	0.428	-0.184	0.042
2.304	-4.437	-0.000	1.806	-3.677	-0.028	0.498	-0.760	0.028
4.968	0.574	0.000	4.054	0.443	0.084	0.914	0.131	-0.084
4.260	2.619	-0.000	3.372	2.058	0.074	0.888	0.560	-0.074
4.624	1.903	-0.000	3.583	1.471	0.064	1.040	0.432	-0.064
2.440	-4.364	0.000	1.896	-3.506	0.066	0.544	-0.858	-0.066
3.054	-3.959	0.000	2.311	-3.023	-0.031	0.743	-0.936	0.031
3.628	3.440	-0.000	3.090	3.062	0.020	0.538	0.378	-0.020
2.734	4.186	0.000	2.171	3.414	-0.080	0.562	0.773	0.080
3.960	-3.052	-0.000	3.302	-2.504	0.094	0.658	-0.549	-0.094
3.556	3.514	-0.000	2.808	2.709	0.057	0.749	0.805	-0.057
4.868	-1.141	-0.000	3.906	-0.999	0.039	0.962	-0.143	-0.039
3.625	-3.443	-0.000	2.796	-2.587	-0.025	0.829	-0.855	0.025
4.059	-2.920	0.000	3.558	-2.591	0.090	0.501	-0.329	-0.090
4.755	-1.545	0.000	3.605	-1.183	-0.035	1.150	-0.362	0.035
3.533	-3.539	0.000	2.992	-2.970	0.094	0.542	-0.569	-0.094
4.217	2.685	-0.000	3.528	2.132	0.025	0.689	0.553	-0.025
2.652	-4.239	-0.000	2.221	-3.730	-0.020	0.431	-0.509	0.020
4.995	-0.232	-0.000	4.359	-0.213	0.095	0.636	-0.019	-0.095
3.522	-3.550	-0.000	2.687	-2.685	-0.019	0.835	-0.864	0.019
4.912	-0.937	0.000	4.274	-0.912	0.008	0.638	-0.024	-0.008
4.352	2.461	0.000	3.663	1.955	-0.002	0.689	0.506	0.002
4.029	2.962	-0.000	3.456	2.650	-0.029	0.573	0.311	0.029
4.920	0.889	0.000	4.306	0.873	-0.011	0.615	0.016	0.011
4.998	-0.133	0.000	3.893	-0.034	-0.000	1.105	-0.099	0.000
2.956	-4.032	-0.000	2.297	-3.283	0.007	0.660	-0.750	-0.007
4.992	-0.275	0.000	4.635	-0.215	-0.033	0.357	-0.059	0.033
4.923	-0.867	-0.000	4.287	-0.765	-0.102	0.637	-0.102	0.102
4.921	-0.880	0.000	4.337	-0.871	-0.005	0.584	-0.009	0.005
3.186	3.855	-0.000	2.510	3.142	-0.052	0.675	0.712	0.052
4.974	0.521	-0.000	4.094	0.453	-0.087	0.880	0.067	0.087
1.785	4.669	-0.000	1.315	3.637	0.019	0.471	1.033	-0.019
4.371	-2.428	-0.000	3.994	-2.209	-0.068	0.377	-0.219	0.068
4.988	-0.347	0.000	4.097	-0.381	0.003	0.891	0.034	-0.003
4.770	-1.498	-0.000	4.019	-1.296	0.098	0.751	-0.202	-0.098
3.265	-3.786	-0.000	2.457	-2.854	0.019	0.808	-0.932	-0.019
3.825	-3.220	0.000	2.953	-2.537	-0.054	0.872	-0.683	0.054
3.316	-3.743	-0.000	2.726	-3.000	0.071	0.590	-0.743	-0.071
4.939	0.779	-0.000	4.401	0.780	-0.016	0.538	-0.001	0.016
3.652	3.414	-0.000	2.775	2.667	0.032	0.878	0.747	-0.032
4.235	2.659	-0.000	3.862	2.439	-0.064	0.373	0.220	0.064
4.814	1.352	-0.000	4.058	1.240	0.004	0.757	0.112	-0.004
4.999	0.036	0.000	4.025	-0.027	0.079	0.974	0.062	-0.079
4.994	-0.237	0.000	3.837	-0.143	0.053	1.157	-0.094	-0.053
4.748	-1.565	0.000	4.271	-1.399	-0.084	0.477	-0.166	0.084
4.772	-1.494	0.000	4.371	-1.424	0.015	0.401	-0.070	-0.015
3.439	-3.629	0.000	2.749	-2.790	0.008	0.691	-0.839	-0.008
4.877	-1.101	-0.000	4.045	-1.010	-0.026	0.832	-0.091	0.026
4.884	1.069	-0.000	3.668	0.831	-0.000	1.215	0.238	0.000
4.990	-0.315	0.000	4.042	-0.232	-0.088	0.948	-0.082	0.088
4.888	-1.052	0.000	4.057	-0.833	-0.093	0.830	-0.219	0.093
4.652	-1.832	0.000	3.561	-1.347	-0.020	1.091	-0.485	0.020
2.836	4.118	0.000	2.148	3.116	0.018	0.688	1.003	-0.018
3.078	-3.939	-0.000	2.286	-2.985	-0.003	0.791	-0.954	0.003
4.619	-1.912	-0.000	3.491	-1.461	-0.041	1.129	-0.451	0.041
4.482	-2.217	0.000	4.012	-1.950	-0.079	0.470	-0.267	0.079
4.975	0.492	0.000	4.067	0.441	-0.096	0.908	0.052	0.096
4.985	0.374	0.000	4.541	0.338	0.076	0.445	0.036	-0.076
4.790	1.435	0.000	4.127	1.330	-0.040	0.662	0.105	0.040
4.998	0.138	0.000	3.888	0.111	-0.071	1.110	0.027	0.071
3.419	3.648	-0.000	2.885	3.040	-0.098	0.534	0.608	0.098
4.796	1.412	-0.000	3.839	1.075	0.075	0.957	0.337	-0.075
3.364	3.700	0.000	2.889	3.263	0.073	0.474	0.437	-0.073
3.726	-3.333	-0.000	3.169	-2.864	-0.100	0.557	-0.470	0.100
4.992	-0.295	-0.000	4.405	-0.242	-0.087	0.587	-0.053	0.087
4.358	2.453	-0.000	3.519	2.070	-0.046	0.838	0.382	0.046
3.472	-3.597	0.000	2.857	-2.949	0.102	0.615	-0.648	-0.102
4.918	0.905	0.000	3.916	0.799	0.036	1.002	0.106	-0.036
2.013	4.577	-0.000	1.507	3.550	0.032	0.505	1.027	-0.032
4.247	2.638	-0.000	3.625	2.241	-0.104	0.622	0.396	0.104
2.263	4.458	0.000	1.693	3.455	-0.032	0.569	1.003	0.032
3.110	3.915	0.000	2.340	2.959	-0.022	0.769	0.956	0.022
4.491	-2.198	-0.000	3.815	-1.975	-0.020	0.676	-0.222	0.020
4.999	0.079	-0.000	4.316	0.073	0.101	0.683	0.005	-0.101
4.998	-0.146	-0.000	3.961	-0.184	-0.051	1.036	0.038	0.051
3.982	3.024	-0.000	3.515	2.714	0.080	0.467	0.310	-0.080
4.023	2.969	0.000	3.349	2.369	-0.048	0.674	0.600	0.048
3.572	3.498	-0.000	3.104	2.930	-0.065	0.467	0.568	0.065
4.921	0.884	0.000	4.021	0.626	0.013	0.900	0.258	-0.013
4.968	0.568	0.000	4.077	0.374	0.012	0.891	0.194	-0.012
4.376	-2.419	-0.000	3.483	-1.999	0.061	0.893	-0.420	-0.061
4.812	-1.358	0.000	3.965	-1.058	0.072	0.847	-0.300	-0.072
4.147	2.794	0.000	3.322	2.333	-0.048	0.825	0.461	0.048
4.946	-0.732	-0.000	4.370	-0.711	-0.063	0.576	-0.021	0.063
4.998	0.165	0.000	3.989	0.206	-0.025	1.009	-0.041	0.025
3.176	-3.862	0.000	2.601	-3.285	0.065	0.574	-0.577	-0.065
4.954	-0.669	-0.000	3.752	-0.543	-0.030	1.202	-0.126	0.030
3.719	-3.342	-0.000	3.161	-2.974	-0.003	0.557	-0.368	0.003
4.773	1.488	0.000	3.600	1.143	0.027	1.173	0.345	-0.027
5.000	-0.050	-0.000	3.896	-0.041	0.069	1.104	-0.009	-0.069
4.000	3.000	-0.000	3.507	2.694	0.076	0.493	0.306	-0.076
4.816	1.344	0.000	3.700	0.992	0.019	1.116	0.352	-0.019
4.979	-0.453	0.000	4.231	-0.289	0.033	0.748	-0.164	-0.033
2.623	4.256	0.000	2.087	3.381	0.091	0.535	0.875	-0.091
4.687	1.744	0.000	4.030	1.552	0.081	0.656	0.193	-0.081
4.997	0.143	0.000	4.487	0.075	-0.070	0.510	0.068	0.070
4.842	1.247	0.000	4.438	1.175	0.053	0.405	0.072	-0.053
3.550	3.521	0.000	2.910	2.813	0.076	0.641	0.708	-0.076
3.638	3.430	-0.000	2.992	2.794	-0.094	0.646	0.636	0.094
4.991	-0.295	0.000	4.596	-0.213	-0.010	0.396	-0.082	0.010
4.442	-2.295	-0.000	3.352	-1.710	0.013	1.090	-0.585	-0.013
1.983	4.590	0.000	1.568	3.759	-0.076	0.415	0.831	0.076
4.414	2.350	0.000	4.008	2.201	0.028	0.405	0.150	-0.028
3.072	-3.945	0.000	2.320	-3.038	-0.037	0.753	-0.907	0.037
4.911	0.937	-0.000	4.196	0.891	0.049	0.715	0.046	-0.049
3.635	3.435	0.000	3.154	3.053	-0.072	0.481	0.382	0.072
3.284	-3.770	-0.000	2.482	-2.885	-0.038	0.802	-0.885	0.038
4.801	1.393	-0.000	4.294	1.189	0.073	0.507	0.203	-0.073
3.523	-3.548	0.000	2.641	-2.694	-0.007	0.882	-0.853	0.007
4.994	0.255	0.000	4.517	0.158	0.013	0.478	0.098	-0.013
4.991	0.298	0.000	3.835	0.182	0.026	1.157	0.116	-0.026
3.436	3.634	-0.000	2.870	3.124	-0.073	0.565	0.510	0.073
4.998	0.136	-0.000	3.838	0.116	0.052	1.160	0.020	-0.052
4.959	-0.642	0.000	4.154	-0.621	-0.055	0.804	-0.021	0.055
3.849	3.191	0.000	3.295	2.831	-0.059	0.555	0.360	0.059
4.187	-2.732	0.000	3.420	-2.145	0.066	0.767	-0.586	-0.066
4.990	-0.314	-0.000	4.239	-0.169	-0.014	0.751	-0.145	0.014
3.591	-3.478	-0.000	2.696	-2.607	0.005	0.895	-0.871	-0.005
3.377	-3.687	-0.000	2.850	-3.255	-0.001	0.527	-0.433	0.001
4.316	2.522	0.000	3.271	1.865	-0.014	1.045	0.657	0.014
4.519	-2.139	-0.000	3.696	-1.686	-0.076	0.824	-0.452	0.076
4.601	1.955	-0.000	4.212	1.818	-0.063	0.389	0.136	0.063
4.016	-2.980	0.000	3.245	-2.424	-0.089	0.771	-0.555	0.089
4.812	1.356	-0.000	3.915	1.006	0.001	0.898	0.350	-0.001
4.965	-0.591	0.000	4.502	-0.538	0.073	0.463	-0.054	-0.073
4.700	1.707	0.000	3.751	1.348	-0.084	0.949	0.359	0.084
2.891	-4.079	-0.000	2.182	-3.063	0.013	0.709	-1.016	-0.013
3.336	-3.724	-0.000	2.512	-2.866	0.034	0.824	-0.858	-0.034
2.555	4.297	0.000	1.920	3.242	0.039	0.634	1.055	-0.039
4.867	-1.144	-0.000	4.054	-1.056	0.014	0.813	-0.089	-0.014
3.923	-3.102	0.000	3.284	-2.483	0.018	0.639	-0.618	-0.018
4.894	1.025	0.000	3.676	0.779	0.011	1.218	0.246	-0.011
4.530	2.114	0.000	4.049	1.841	0.082	0.481	0.273	-0.082
3.890	-3.141	0.000	3.281	-2.740	0.069	0.609	-0.401	-0.069
3.781	-3.272	0.000	3.234	-2.889	-0.074	0.546	-0.383	0.074
4.259	-2.618	-0.000	3.645	-2.347	0.046	0.614	-0.272	-0.046
4.658	1.815	-0.000	3.982	1.661	0.020	0.676	0.154	-0.020
4.015	-2.978	0.000	3.268	-2.363	0.086	0.747	-0.615	-0.086
3.312	3.746	0.000	2.499	2.829	0.025	0.813	0.917	-0.025
4.963	0.613	0.000	3.859	0.415	0.009	1.103	0.198	-0.009
3.412	-3.655	0.000	2.856	-2.925	-0.024	0.556	-0.729	0.024
4.656	1.823	0.000	4.071	1.689	0.025	0.585	0.134	-0.025
4.503	-2.171	-0.000	3.720	-1.885	0.064	0.783	-0.286	-0.064
4.466	2.250	-0.000	3.923	1.929	0.080	0.543	0.320	-0.080
4.868	-1.139	0.000	4.321	-0.927	0.045	0.548	-0.212	-0.045
2.978	-4.017	-0.000	2.268	-3.160	0.028	0.710	-0.857	-0.028
4.374	-2.421	-0.000	3.704	-2.012	-0.097	0.670	-0.409	0.097
4.957	-0.659	0.000	3.952	-0.600	0.042	1.005	-0.058	-0.042
3.925	-3.097	-0.000	3.113	-2.443	0.085	0.812	-0.654	-0.085
4.058	-2.919	-0.000	3.077	-2.169	0.008	0.981	-0.750	-0.008
4.617	-1.921	-0.000	3.898	-1.530	-0.038	0.719	-0.392	0.038
3.594	3.476	0.000	2.877	2.693	-0.052	0.717	0.783	0.052
2.698	4.209	-0.000	2.316	3.683	-0.094	0.381	0.526	0.094
2.237	4.471	-0.000	1.738	3.392	-0.030	0.500	1.079	0.030
2.493	4.335	0.000	1.940	3.495	-0.062	0.552	0.839	0.062
4.737	-1.599	0.000	4.139	-1.377	0.095	0.598	-0.222	-0.095
4.394	2.386	-0.000	3.803	2.125	-0.081	0.590	0.261	0.081
4.860	-1.173	0.000	4.277	-1.029	-0.093	0.583	-0.144	0.093
4.836	-1.268	0.000	4.099	-1.120	0.095	0.737	-0.148	-0.095
4.251	2.633	-0.000	3.710	2.183	0.012	0.541	0.450	-0.012
3.140	3.891	-0.000	2.769	3.472	-0.083	0.371	0.420	0.083
3.949	-3.066	0.000	3.043	-2.316	0.031	0.907	-0.750	-0.031
4.930	0.834	-0.000	3.883	0.738	-0.015	1.047	0.096	0.015
2.504	4.328	-0.000	1.893	3.273	-0.023	0.611	1.055	0.023
4.861	-1.170	0.000	4.355	-1.113	-0.053	0.506	-0.057	0.053
4.030	2.960	-0.000	3.092	2.260	-0.045	0.938	0.700	0.045
3.336	-3.725	0.000	2.720	-2.922	-0.042	0.616	-0.803	0.042
2.144	4.517	-0.000	1.633	3.581	0.044	0.512	0.936	-0.044
4.641	-1.860	-0.000	3.919	-1.615	-0.095	0.722	-0.245	0.095
4.713	-1.668	-0.000	3.733	-1.313	0.088	0.980	-0.355	-0.088
2.926	4.054	0.000	2.353	3.226	0.083	0.573	0.828	-0.083
2.579	-4.283	-0.000	1.922	-3.240	0.017	0.657	-1.043	-0.017
4.881	1.084	0.000	4.314	1.003	0.080	0.568	0.081	-0.080
4.994	0.248	-0.000	3.849	0.250	-0.005	1.145	-0.002	0.005
2.366	-4.404	0.000	2.036	-3.910	-0.079	0.329	-0.494	0.079
4.969	-0.558	0.000	3.909	-0.471	0.074	1.060	-0.087	-0.074
3.980	3.028	0.000	3.380	2.494	0.070	0.600	0.535	-0.070
3.774	-3.280	0.000	3.230	-2.697	-0.053	0.545	-0.583	0.053
4.524	2.127	0.000	3.922	1.890	-0.093	0.603	0.237	0.093
5.001	0.005	-0.000	4.410	-0.035	0.080	0.591	0.041	-0.080
4.618	1.916	-0.000	3.814	1.647	-0.080	0.804	0.269	0.080
4.903	-0.981	-0.000	4.403	-0.875	-0.082	0.500	-0.106	0.082
4.583	2.001	0.000	3.501	1.501	-0.018	1.082	0.500	0.018
4.074	-2.899	0.000	3.259	-2.224	-0.006	0.815	-0.675	0.006
4.718	1.656	0.000	3.571	1.285	-0.015	1.147	0.371	0.015
4.990	0.322	0.000	4.299	0.322	-0.088	0.691	-0.000	0.088
4.985	-0.395	-0.000	3.948	-0.360	-0.059	1.037	-0.035	0.059
4.977	0.464	-0.000	4.416	0.319	-0.024	0.562	0.146	0.024
4.989	0.314	-0.000	4.012	0.292	0.087	0.977	0.022	-0.087
4.899	1.001	0.000	3.850	0.826	0.064	1.049	0.175	-0.064
4.894	-1.020	0.000	3.682	-0.785	-0.013	1.212	-0.236	0.013
4.958	-0.645	0.000	4.318	-0.656	0.012	0.640	0.011	-0.012
5.000	0.055	0.000	4.591	0.063	0.061	0.409	-0.008	-0.061
3.230	3.818	-0.000	2.800	3.327	-0.094	0.429	0.490	0.094
4.639	1.866	-0.000	3.637	1.534	-0.043	1.002	0.332	0.043
3.449	-3.620	-0.000	2.821	-2.854	-0.040	0.629	-0.766	0.040
4.656	1.824	-0.000	3.702	1.434	0.073	0.954	0.389	-0.073
4.603	-1.952	0.000	3.647	-1.629	-0.045	0.956	-0.323	0.045
4.954	0.677	-0.000	4.291	0.634	0.084	0.664	0.043	-0.084
4.875	1.105	-0.000	3.639	0.833	0.004	1.236	0.272	-0.004
3.889	3.143	0.000	3.002	2.522	0.003	0.887	0.620	-0.003
3.533	3.538	-0.000	2.817	2.729	-0.037	0.716	0.809	0.037
4.093	2.871	0.000	3.155	2.308	0.015	0.938	0.563	-0.015
4.098	-2.864	-0.000	3.068	-2.166	0.001	1.030	-0.698	-0.001
1.964	4.599	-0.000	1.642	3.917	-0.094	0.321	0.682	0.094
4.997	0.154	0.000	3.987	0.160	-0.084	1.010	-0.006	0.084
4.990	-0.323	0.000	3.854	-0.195	0.025	1.136	-0.128	-0.025
4.557	2.059	0.000	4.135	1.782	-0.017	0.422	0.276	0.017
3.970	-3.040	-0.000	3.186	-2.340	-0.011	0.783	-0.700	0.011
4.904	0.974	-0.000	4.358	0.907	-0.082	0.545	0.067	0.082
4.685	1.748	0.000	3.886	1.417	-0.094	0.798	0.330	0.094
4.019	2.973	-0.000	3.117	2.250	0.051	0.902	0.722	-0.051
4.840	1.255	0.000	3.929	1.116	-0.010	0.911	0.138	0.010
4.867	1.141	-0.000	4.183	0.913	0.081	0.684	0.228	-0.081
2.227	-4.477	-0.000	1.770	-3.609	-0.082	0.457	-0.868	0.082
4.670	-1.789	-0.000	3.902	-1.500	0.095	0.768	-0.289	-0.095
4.868	-1.140	-0.000	4.005	-0.975	-0.095	0.863	-0.164	0.095
5.000	-0.032	-0.000	3.846	-0.055	-0.037	1.155	0.023	0.037
3.642	3.424	0.000	2.818	2.771	0.006	0.825	0.653	-0.006
2.478	4.342	-0.000	1.855	3.289	-0.017	0.623	1.054	0.017
4.715	1.665	-0.000	4.044	1.337	0.050	0.671	0.328	-0.050
3.834	-3.208	0.000	2.877	-2.463	0.008	0.957	-0.745	-0.008
4.337	2.487	0.000	3.557	1.932	0.000	0.780	0.555	-0.000
4.963	0.600	0.000	4.543	0.589	-0.058	0.420	0.011	0.058
1.772	4.676	0.000	1.430	3.957	-0.071	0.342	0.720	0.071
3.008	3.994	0.000	2.360	3.188	-0.080	0.648	0.805	0.080
